436	0.055208	0.090365	0.05728	0.059979	0.056494	0.055847	0.082794	0.070307	0.05559	0.038994	0.04217	0.038107	0.047424	0.045604	0.04592	0.095719	0.10617	0.078163	0.066069	0.043752	0.048195	0.089536	0.094624
437	0.055271	0.090574	0.057346	0.059979	0.056559	0.055847	0.083081	0.070388	0.055655	0.039084	0.042267	0.038151	0.04737	0.045709	0.045973	0.096385	0.10716	0.078343	0.066145	0.044262	0.048586	0.090055	0.094952
438	0.055335	0.090782	0.057412	0.059979	0.056624	0.055847	0.083368	0.070469	0.055719	0.039174	0.042364	0.038194	0.047315	0.045814	0.046026	0.097051	0.10814	0.078524	0.066222	0.044771	0.048978	0.090573	0.09528
439	0.055208	0.090992	0.057346	0.060187	0.056886	0.055976	0.083754	0.070959	0.055847	0.039174	0.042462	0.038238	0.047315	0.04592	0.046079	0.097953	0.10902	0.078614	0.066145	0.044312	0.048476	0.090992	0.09561
440	0.055081	0.091201	0.05728	0.060395	0.057148	0.056105	0.08414	0.07145	0.055976	0.039174	0.04256	0.038282	0.047315	0.046026	0.046132	0.098855	0.1099	0.078705	0.066069	0.043853	0.047973	0.091411	0.09594
441	0.055081	0.091623	0.05728	0.060464	0.057148	0.056105	0.084236	0.071615	0.055847	0.039219	0.042511	0.038327	0.047424	0.046026	0.046132	0.10001	0.11079	0.078705	0.066298	0.044624	0.048702	0.091728	0.096384
442	0.055081	0.092045	0.05728	0.060534	0.057148	0.056105	0.084333	0.071779	0.055719	0.039264	0.042462	0.038371	0.047534	0.046026	0.046132	0.10116	0.11169	0.078705	0.066527	0.045394	0.049431	0.092045	0.096828
443	0.055017	0.092685	0.057346	0.060464	0.057082	0.056105	0.084431	0.071945	0.055719	0.039264	0.04256	0.038371	0.047534	0.046079	0.046079	0.10198	0.11272	0.078795	0.066374	0.04529	0.049374	0.092364	0.097051
444	0.054954	0.093325	0.057412	0.060395	0.057016	0.056105	0.084528	0.072111	0.055719	0.039264	0.042658	0.038371	0.047534	0.046132	0.046026	0.1028	0.11376	0.078886	0.066222	0.045186	0.049317	0.092683	0.097275
445	0.054891	0.093975	0.057346	0.060325	0.057148	0.056169	0.084625	0.072194	0.055719	0.039264	0.042707	0.038327	0.047588	0.046185	0.046185	0.10352	0.11482	0.078886	0.066298	0.044722	0.049204	0.093004	0.097387
446	0.054828	0.094624	0.05728	0.060256	0.05728	0.056234	0.084723	0.072277	0.055719	0.039264	0.042756	0.038282	0.047643	0.046238	0.046345	0.10423	0.11588	0.078886	0.066374	0.044259	0.049091	0.093325	0.097499
447	0.054828	0.095061	0.05728	0.060325	0.05728	0.056299	0.084918	0.072444	0.055783	0.03931	0.042756	0.038327	0.047643	0.046345	0.046345	0.10557	0.11695	0.078886	0.066374	0.044618	0.049261	0.093649	0.097611
448	0.054828	0.095499	0.05728	0.060395	0.05728	0.056364	0.085114	0.072611	0.055847	0.039355	0.042756	0.038371	0.047643	0.046452	0.046345	0.10691	0.11803	0.078886	0.066374	0.044978	0.049431	0.093972	0.097724
449	0.054891	0.096275	0.057148	0.060325	0.05728	0.056234	0.085409	0.072862	0.055911	0.039355	0.042806	0.038371	0.047753	0.046452	0.046345	0.10765	0.11899	0.078977	0.066298	0.044568	0.049833	0.094298	0.097949
450	0.054954	0.097051	0.057016	0.060256	0.05728	0.056105	0.085704	0.073114	0.055976	0.039355	0.042855	0.038371	0.047863	0.046452	0.046345	0.10839	0.11995	0.079068	0.066222	0.044157	0.050234	0.094624	0.098175
451	0.055017	0.097839	0.057148	0.060325	0.057214	0.056105	0.085902	0.073367	0.056105	0.0394	0.042904	0.038371	0.047863	0.046452	0.046345	0.10966	0.12106	0.079342	0.066374	0.044619	0.050467	0.095061	0.098401
452	0.055081	0.098628	0.05728	0.060395	0.057148	0.056105	0.086099	0.073621	0.056234	0.039446	0.042954	0.038371	0.047863	0.046452	0.046345	0.11092	0.12218	0.079616	0.066527	0.045082	0.050699	0.095499	0.098628
453	0.055017	0.099661	0.05728	0.060395	0.057082	0.056105	0.086698	0.073961	0.056299	0.039582	0.043003	0.038415	0.048029	0.046505	0.046452	0.11234	0.12332	0.079616	0.066527	0.044167	0.050641	0.096164	0.09897
454	0.054954	0.10069	0.05728	0.060395	0.057016	0.056105	0.087297	0.074302	0.056364	0.039719	0.043053	0.038459	0.048195	0.046559	0.046559	0.11376	0.12445	0.079616	0.066527	0.043251	0.050582	0.096828	0.099312
455	0.055081	0.10187	0.05728	0.060464	0.057016	0.056169	0.087803	0.074732	0.056299	0.039811	0.043102	0.038415	0.04825	0.046666	0.046666	0.11549	0.12575	0.0798	0.066604	0.044011	0.051053	0.097614	0.099887
456	0.055208	0.10304	0.05728	0.060534	0.057016	0.056234	0.088308	0.075162	0.056234	0.039902	0.043152	0.038371	0.048306	0.046774	0.046774	0.11722	0.12706	0.079983	0.066681	0.044771	0.051523	0.098401	0.10046
457	0.055208	0.10436	0.057346	0.060534	0.057082	0.056169	0.089129	0.075861	0.056429	0.039948	0.043202	0.038504	0.048417	0.046774	0.046827	0.11914	0.12869	0.080353	0.066835	0.044211	0.051642	0.099431	0.10104
458	0.055208	0.10568	0.057412	0.060534	0.057148	0.056105	0.08995	0.07656	0.056624	0.039994	0.043251	0.038637	0.048529	0.046774	0.046881	0.12106	0.13032	0.080724	0.066988	0.043652	0.051761	0.10046	0.10162
459	0.055144	0.10679	0.057412	0.060604	0.057082	0.056169	0.090892	0.077361	0.056624	0.040041	0.043301	0.038637	0.048641	0.046827	0.046881	0.1229	0.13153	0.081003	0.067221	0.043451	0.05194	0.10163	0.10245
460	0.055081	0.10789	0.057412	0.060674	0.057016	0.056234	0.091833	0.078163	0.056624	0.040087	0.043351	0.038637	0.048753	0.046881	0.046881	0.12474	0.13274	0.081283	0.067453	0.043251	0.052119	0.1028	0.10328
461	0.055208	0.10928	0.057412	0.060674	0.057148	0.056234	0.092903	0.078889	0.056689	0.040226	0.043401	0.038637	0.048865	0.047044	0.047098	0.12678	0.13429	0.081659	0.067375	0.043857	0.05224	0.104	0.10412
462	0.055335	0.11066	0.057412	0.060674	0.05728	0.056234	0.093972	0.079616	0.056754	0.040365	0.043451	0.038637	0.048978	0.047206	0.047315	0.12882	0.13583	0.082035	0.067298	0.044463	0.05236	0.1052	0.10495
463	0.055271	0.11169	0.057412	0.060814	0.057214	0.056299	0.094846	0.080637	0.05682	0.040458	0.043501	0.038681	0.049091	0.047206	0.047315	0.13063	0.13709	0.082224	0.067453	0.044057	0.052847	0.10655	0.10593
464	0.055208	0.11272	0.057412	0.060954	0.057148	0.056364	0.095719	0.081658	0.056885	0.040551	0.043551	0.038726	0.049204	0.047206	0.047315	0.13243	0.13836	0.082414	0.067608	0.043652	0.053333	0.10789	0.10691
465	0.055081	0.11377	0.057478	0.060814	0.057148	0.05617	0.096834	0.082417	0.057017	0.040691	0.043601	0.038726	0.049261	0.047261	0.04737	0.13398	0.13948	0.082604	0.067764	0.043601	0.05315	0.10902	0.10777
466	0.054954	0.11482	0.057544	0.060674	0.057148	0.055976	0.097949	0.083176	0.057148	0.040832	0.043652	0.038726	0.049317	0.047315	0.047424	0.13552	0.1406	0.082794	0.06792	0.043551	0.052966	0.11015	0.10864
467	0.055081	0.11575	0.057478	0.060744	0.057148	0.055976	0.09886	0.084047	0.057148	0.040832	0.043702	0.038681	0.049374	0.047315	0.047479	0.13726	0.14175	0.083177	0.067842	0.043753	0.053335	0.11157	0.10965
468	0.055208	0.11668	0.057412	0.060814	0.057148	0.055976	0.09977	0.084918	0.057148	0.040832	0.043752	0.038637	0.049431	0.047315	0.047534	0.139	0.14289	0.08356	0.067764	0.043954	0.053703	0.11298	0.11066
469	0.055144	0.11736	0.057346	0.060744	0.057082	0.055976	0.10058	0.085707	0.057148	0.040926	0.043752	0.038592	0.049431	0.047315	0.047534	0.14061	0.14439	0.08356	0.067842	0.043853	0.054077	0.11403	0.11143
470	0.055081	0.11803	0.05728	0.060674	0.057016	0.055976	0.10139	0.086497	0.057148	0.04102	0.043752	0.038548	0.049431	0.047315	0.047534	0.14223	0.14588	0.08356	0.06792	0.043752	0.05445	0.11508	0.1122
471	0.055017	0.11844	0.057214	0.060534	0.056951	0.055911	0.10186	0.086897	0.057082	0.040973	0.043702	0.038548	0.049374	0.047261	0.047534	0.14356	0.14707	0.083657	0.067842	0.043502	0.05445	0.11601	0.11311
472	0.054954	0.11885	0.057148	0.060395	0.056885	0.055847	0.10233	0.087297	0.057016	0.040926	0.043652	0.038548	0.049317	0.047206	0.047534	0.14488	0.14825	0.083753	0.067764	0.043251	0.05445	0.11695	0.11402
473	0.054891	0.11885	0.057017	0.060325	0.056689	0.055655	0.10245	0.087499	0.057016	0.040926	0.043601	0.038504	0.049317	0.047206	0.047424	0.14622	0.14946	0.083657	0.067531	0.043152	0.054702	0.11736	0.11469
474	0.054828	0.11885	0.056885	0.060256	0.056494	0.055463	0.10257	0.0877	0.057016	0.040926	0.043551	0.038459	0.049317	0.047206	0.047315	0.14757	0.15066	0.08356	0.067298	0.043053	0.054954	0.11776	0.11535
475	0.054891	0.11885	0.056755	0.060118	0.056429	0.055399	0.10221	0.087599	0.05682	0.040879	0.043501	0.038459	0.049261	0.047206	0.047315	0.14843	0.15171	0.083368	0.067066	0.043102	0.054954	0.11803	0.11561
476	0.054954	0.11885	0.056624	0.059979	0.056364	0.055335	0.10186	0.087498	0.056624	0.040832	0.043451	0.038459	0.049204	0.047206	0.047315	0.14928	0.15276	0.083176	0.066834	0.043152	0.054954	0.1183	0.11588
477	0.054828	0.11885	0.056429	0.059841	0.056299	0.055271	0.10151	0.087097	0.056429	0.040879	0.043451	0.038459	0.049261	0.047206	0.047315	0.15032	0.15418	0.082985	0.066604	0.043402	0.055145	0.1183	0.11588
478	0.054702	0.11885	0.056234	0.059704	0.056234	0.055208	0.10116	0.086696	0.056234	0.040926	0.043451	0.038459	0.049317	0.047206	0.047315	0.15136	0.1556	0.082794	0.066374	0.043652	0.055335	0.1183	0.11588
479	0.054702	0.11885	0.056169	0.059635	0.056169	0.055208	0.10069	0.086398	0.056169	0.040926	0.043501	0.038504	0.049317	0.047206	0.047315	0.15241	0.1565	0.082415	0.066222	0.043352	0.055527	0.11844	0.11588
480	0.054702	0.11885	0.056105	0.059566	0.056105	0.055208	0.10023	0.086099	0.056105	0.040926	0.043551	0.038548	0.049317	0.047206	0.047315	0.15346	0.1574	0.082035	0.066069	0.043053	0.055719	0.11858	0.11588
481	0.054639	0.11912	0.056105	0.059293	0.055976	0.055081	0.10023	0.086199	0.056105	0.040973	0.043601	0.038548	0.049374	0.047261	0.047315	0.15471	0.15849	0.081847	0.065842	0.043202	0.055655	0.11871	0.11561
482	0.054576	0.1194	0.056105	0.05902	0.055847	0.054954	0.10023	0.086298	0.056105	0.04102	0.043652	0.038548	0.049431	0.047315	0.047315	0.15596	0.15959	0.081658	0.065615	0.043351	0.05559	0.11885	0.11535
483	0.054639	0.11995	0.05604	0.05902	0.055911	0.054891	0.10035	0.086497	0.055976	0.041163	0.043702	0.038637	0.049545	0.047315	0.04737	0.15759	0.1607	0.081377	0.065239	0.043602	0.055719	0.11926	0.11535
484	0.054702	0.1205	0.055976	0.05902	0.055976	0.054828	0.10046	0.086696	0.055847	0.041305	0.043752	0.038726	0.049659	0.047315	0.047424	0.15922	0.16181	0.081096	0.064863	0.043853	0.055847	0.11967	0.11535
485	0.054639	0.12162	0.055976	0.058952	0.055847	0.054765	0.10093	0.087198	0.055783	0.0414	0.043752	0.038681	0.049774	0.04737	0.047424	0.16126	0.16293	0.08091	0.064714	0.043652	0.056041	0.12051	0.11521
486	0.054576	0.12274	0.055976	0.058884	0.055719	0.054702	0.10139	0.0877	0.055719	0.041495	0.043752	0.038637	0.049888	0.047424	0.047424	0.16331	0.16406	0.080724	0.064565	0.043451	0.056234	0.12134	0.11508
487	0.054639	0.12432	0.055911	0.058952	0.055719	0.054702	0.10269	0.088618	0.055719	0.041591	0.043803	0.038637	0.050004	0.047424	0.047534	0.1654	0.16539	0.080538	0.064122	0.043054	0.056299	0.12247	0.11521
488	0.054702	0.12589	0.055847	0.05902	0.055719	0.054702	0.10399	0.089536	0.055719	0.041687	0.043853	0.038637	0.050119	0.047424	0.047643	0.16749	0.16672	0.080353	0.06368	0.042658	0.056364	0.12359	0.11535
489	0.054891	0.12825	0.055783	0.05902	0.055655	0.054765	0.10582	0.091003	0.055719	0.041928	0.043853	0.038548	0.050467	0.047534	0.047753	0.17004	0.16769	0.080168	0.063533	0.042658	0.056234	0.12503	0.11548
490	0.055081	0.13062	0.055719	0.05902	0.05559	0.054828	0.10765	0.09247	0.055719	0.04217	0.043853	0.038459	0.050816	0.047643	0.047863	0.17258	0.16866	0.079983	0.063387	0.042658	0.056105	0.12647	0.11561
491	0.055272	0.13322	0.055719	0.059156	0.055655	0.054765	0.10967	0.094316	0.055719	0.042512	0.043954	0.038504	0.051229	0.047698	0.047973	0.17521	0.16983	0.079891	0.063024	0.042756	0.056299	0.1284	0.11615
492	0.055463	0.13583	0.055719	0.059293	0.055719	0.054702	0.11169	0.096161	0.055719	0.042855	0.044055	0.038548	0.051642	0.047753	0.048084	0.17783	0.171	0.079799	0.062661	0.042855	0.056494	0.13032	0.11668
493	0.055719	0.13887	0.055783	0.059293	0.055655	0.054702	0.11432	0.098427	0.055719	0.043304	0.044106	0.038548	0.052122	0.047863	0.048251	0.18032	0.17199	0.079708	0.062517	0.042512	0.056494	0.13261	0.11709
494	0.055976	0.14191	0.055847	0.059293	0.05559	0.054702	0.11695	0.10069	0.055719	0.043752	0.044157	0.038548	0.052602	0.047973	0.048417	0.18281	0.17298	0.079616	0.062373	0.04217	0.056494	0.1349	0.11749
495	0.0563	0.14508	0.055847	0.059361	0.05559	0.054639	0.11971	0.10307	0.055847	0.044365	0.044259	0.038592	0.053339	0.04814	0.048585	0.18494	0.17378	0.079524	0.062302	0.042267	0.056559	0.13727	0.11817
496	0.056624	0.14825	0.055847	0.059429	0.05559	0.054576	0.12246	0.10544	0.055976	0.044978	0.044361	0.038637	0.054075	0.048306	0.048753	0.18707	0.17458	0.079433	0.06223	0.042364	0.056624	0.13964	0.11885
497	0.057018	0.1521	0.055847	0.059429	0.055463	0.054513	0.12594	0.10831	0.05604	0.045715	0.044566	0.038681	0.054961	0.048586	0.049092	0.18947	0.17539	0.07925	0.061874	0.041551	0.056559	0.14226	0.11968
498	0.057412	0.15596	0.055847	0.059429	0.055335	0.05445	0.12942	0.11117	0.056105	0.046452	0.044771	0.038726	0.055847	0.048865	0.049431	0.19187	0.1762	0.079068	0.061518	0.040738	0.056494	0.14488	0.1205
499	0.058013	0.15963	0.055976	0.059566	0.055335	0.05445	0.1331	0.11447	0.056105	0.04749	0.044978	0.03886	0.057029	0.049091	0.049717	0.19433	0.17701	0.079068	0.061447	0.041357	0.056364	0.14794	0.12148
500	0.058614	0.16331	0.056105	0.059704	0.055335	0.05445	0.13677	0.11776	0.056105	0.048529	0.045186	0.038994	0.05821	0.049317	0.050003	0.19679	0.17783	0.079068	0.061376	0.041976	0.056234	0.15101	0.12246
501	0.059504	0.16814	0.056105	0.059772	0.055463	0.054388	0.1415	0.12197	0.056169	0.049849	0.045395	0.039084	0.059723	0.04966	0.05041	0.19908	0.17865	0.078977	0.061025	0.042073	0.056299	0.15457	0.12331
502	0.060395	0.17298	0.056105	0.059841	0.05559	0.054325	0.14622	0.12618	0.056234	0.051168	0.045604	0.039174	0.061235	0.050003	0.050816	0.20137	0.17947	0.078886	0.060674	0.04217	0.056364	0.15812	0.12417
503	0.061528	0.17832	0.056169	0.060049	0.055526	0.054325	0.15127	0.13054	0.056234	0.053188	0.045921	0.03931	0.063425	0.050468	0.051348	0.20396	0.1803	0.078977	0.060465	0.041976	0.056299	0.16204	0.12532
504	0.062661	0.18365	0.056234	0.060256	0.055463	0.054325	0.15631	0.1349	0.056234	0.055208	0.046238	0.039446	0.065615	0.050933	0.05188	0.20654	0.18113	0.079068	0.060256	0.041783	0.056234	0.16596	0.12647
505	0.064442	0.18932	0.056494	0.060395	0.055463	0.054388	0.16229	0.14022	0.056299	0.057456	0.046668	0.039628	0.068123	0.051466	0.052484	0.20894	0.18197	0.078977	0.060049	0.041831	0.056234	0.16987	0.1275
506	0.066222	0.19498	0.056754	0.060534	0.055463	0.05445	0.16827	0.14555	0.056364	0.059704	0.047098	0.039811	0.070632	0.052	0.053088	0.21135	0.18281	0.078886	0.059841	0.041879	0.056234	0.17378	0.12853
507	0.068103	0.20029	0.056885	0.060674	0.055526	0.054388	0.17387	0.15039	0.056494	0.062659	0.047536	0.040041	0.073772	0.052483	0.053644	0.21331	0.18366	0.078795	0.059635	0.04164	0.056105	0.17767	0.12957
508	0.069984	0.20559	0.057016	0.060814	0.05559	0.054325	0.17947	0.15524	0.056624	0.065615	0.047973	0.040272	0.076913	0.052966	0.0542	0.21528	0.1845	0.078705	0.059429	0.0414	0.055976	0.18155	0.13062
509	0.072401	0.21118	0.057148	0.061024	0.05559	0.054263	0.18523	0.16041	0.056624	0.068614	0.048363	0.040458	0.08043	0.053521	0.054831	0.21728	0.18514	0.078705	0.059293	0.041592	0.05604	0.18518	0.13153
510	0.074817	0.21677	0.05728	0.061235	0.05559	0.0542	0.19099	0.16558	0.056624	0.071614	0.048753	0.040644	0.083946	0.054075	0.055463	0.21928	0.18578	0.078705	0.059156	0.041783	0.056105	0.1888	0.13243
511	0.077492	0.22136	0.057478	0.061376	0.05559	0.0542	0.19595	0.17008	0.056559	0.075159	0.049206	0.04088	0.08789	0.054705	0.056109	0.22081	0.18621	0.078524	0.058953	0.041831	0.05604	0.19189	0.13289
512	0.080168	0.22594	0.057677	0.061518	0.05559	0.0542	0.20091	0.17458	0.056494	0.078705	0.049659	0.041115	0.091833	0.055335	0.056754	0.22233	0.18664	0.078343	0.058749	0.041879	0.055976	0.19498	0.13335
513	0.083332	0.23072	0.057877	0.061802	0.055655	0.054263	0.20613	0.17912	0.056494	0.082402	0.050121	0.041353	0.096147	0.055914	0.057415	0.22336	0.18707	0.078253	0.058547	0.041783	0.055911	0.19795	0.13412
514	0.086497	0.2355	0.058076	0.062087	0.055719	0.054325	0.21135	0.18365	0.056494	0.086099	0.050582	0.041591	0.10046	0.056494	0.058076	0.22439	0.1875	0.078163	0.058345	0.041687	0.055847	0.20091	0.1349
515	0.089911	0.23936	0.05821	0.06223	0.055783	0.054263	0.21607	0.18776	0.056429	0.09058	0.051053	0.041832	0.10543	0.057085	0.058753	0.22569	0.18815	0.078073	0.05821	0.041735	0.055847	0.20396	0.13536
516	0.093325	0.24322	0.058345	0.062373	0.055847	0.0542	0.2208	0.19187	0.056364	0.09506	0.051523	0.042073	0.11041	0.057677	0.059429	0.22699	0.1888	0.077983	0.058076	0.041783	0.055847	0.20701	0.13583
517	0.09771	0.24749	0.058547	0.06259	0.055911	0.054263	0.22574	0.19639	0.056429	0.099766	0.052062	0.042316	0.11615	0.058416	0.060191	0.22804	0.18902	0.077804	0.057877	0.041592	0.055719	0.20943	0.1363
518	0.10209	0.25177	0.058749	0.062806	0.055976	0.054325	0.23067	0.20091	0.056494	0.10447	0.052602	0.04256	0.1219	0.059156	0.060954	0.22909	0.18923	0.077625	0.057677	0.0414	0.05559	0.21184	0.13677
519	0.10651	0.255	0.058885	0.063024	0.055976	0.0542	0.235	0.20444	0.056494	0.10978	0.053091	0.042806	0.12793	0.059706	0.061664	0.23015	0.18967	0.077446	0.057544	0.041833	0.05559	0.2143	0.13693
520	0.11092	0.25823	0.05902	0.063241	0.055976	0.054075	0.23933	0.20797	0.056494	0.11508	0.05358	0.043053	0.13397	0.060256	0.062373	0.23121	0.19011	0.077268	0.057412	0.042267	0.05559	0.21677	0.13709
521	0.11571	0.26184	0.059225	0.063387	0.055976	0.054138	0.24297	0.21162	0.056429	0.11991	0.053952	0.043302	0.13976	0.060887	0.062953	0.23201	0.19033	0.077091	0.05728	0.04217	0.05559	0.21853	0.13725
522	0.1205	0.26546	0.059429	0.063533	0.055976	0.0542	0.2466	0.21528	0.056364	0.12474	0.054325	0.043551	0.14555	0.061518	0.063533	0.23281	0.19055	0.076913	0.057148	0.042073	0.05559	0.22029	0.1374
523	0.12481	0.26793	0.059635	0.063753	0.055976	0.0542	0.24977	0.21829	0.056299	0.1292	0.054703	0.043702	0.15093	0.061874	0.063975	0.23389	0.19099	0.076736	0.056886	0.041784	0.05559	0.22182	0.13756
524	0.12912	0.2704	0.059841	0.063973	0.055976	0.0542	0.25293	0.22131	0.056234	0.13366	0.055081	0.043853	0.15631	0.06223	0.064417	0.23496	0.19143	0.07656	0.056624	0.041495	0.05559	0.22336	0.13772
525	0.13279	0.27259	0.059841	0.064047	0.055976	0.054076	0.25588	0.22363	0.056364	0.13746	0.055336	0.043954	0.16095	0.06259	0.06479	0.23578	0.19187	0.076384	0.056559	0.041211	0.055463	0.22491	0.13788
526	0.13646	0.27479	0.059841	0.064121	0.055976	0.053951	0.25882	0.22594	0.056494	0.14125	0.05559	0.044055	0.16558	0.062951	0.065163	0.23659	0.19231	0.076208	0.056494	0.040926	0.055335	0.22646	0.13804
527	0.13967	0.2767	0.059841	0.064195	0.055976	0.053951	0.26092	0.22858	0.056429	0.14492	0.055783	0.044208	0.16968	0.063242	0.065464	0.23769	0.19275	0.07612	0.056364	0.041451	0.055463	0.22804	0.13788
528	0.14289	0.27861	0.059841	0.064269	0.055976	0.053951	0.26303	0.23121	0.056364	0.14859	0.055976	0.044361	0.17378	0.063533	0.065766	0.23878	0.1932	0.076033	0.056234	0.041976	0.05559	0.22961	0.13772
529	0.14591	0.28023	0.059979	0.064343	0.055976	0.053889	0.26486	0.23308	0.056299	0.15138	0.056105	0.044361	0.17746	0.063753	0.065994	0.23989	0.19364	0.075945	0.056105	0.041928	0.055526	0.23094	0.13788
530	0.14894	0.28184	0.060117	0.064417	0.055976	0.053827	0.26669	0.23496	0.056234	0.15417	0.056234	0.044361	0.18113	0.063973	0.066222	0.24099	0.19409	0.075858	0.055976	0.041879	0.055463	0.23227	0.13804
531	0.1512	0.28347	0.060326	0.064566	0.055976	0.053889	0.26885	0.23687	0.056169	0.15706	0.056364	0.044412	0.18432	0.064121	0.066374	0.24211	0.19476	0.075683	0.055911	0.041687	0.055526	0.23389	0.1382
532	0.15346	0.2851	0.060534	0.064714	0.055976	0.053951	0.27102	0.23878	0.056105	0.15996	0.056494	0.044463	0.1875	0.064269	0.066527	0.24322	0.19543	0.075509	0.055847	0.041495	0.05559	0.2355	0.13836
533	0.15561	0.28675	0.060464	0.064714	0.055911	0.053827	0.27354	0.241	0.056169	0.1622	0.056559	0.044514	0.19013	0.064343	0.066604	0.2452	0.19634	0.075422	0.055719	0.041784	0.055526	0.23742	0.13868
534	0.15776	0.2884	0.060395	0.064714	0.055847	0.053703	0.27606	0.24322	0.056234	0.16444	0.056624	0.044566	0.19275	0.064417	0.066681	0.24717	0.19724	0.075336	0.05559	0.042073	0.055463	0.23933	0.139
535	0.15941	0.29041	0.060464	0.064789	0.055847	0.053765	0.27766	0.2452	0.056299	0.16674	0.056755	0.044566	0.19522	0.064566	0.066835	0.24947	0.19838	0.075422	0.05559	0.039699	0.055655	0.24212	0.13932
536	0.16106	0.29242	0.060534	0.064863	0.055847	0.053827	0.27925	0.24717	0.056364	0.16904	0.056885	0.044566	0.1977	0.064714	0.066988	0.25177	0.19953	0.075509	0.05559	0.037325	0.055847	0.24491	0.13964
537	0.16237	0.29445	0.060604	0.065013	0.055783	0.053703	0.28152	0.24918	0.056364	0.17062	0.05682	0.044514	0.19953	0.064714	0.066988	0.2547	0.20091	0.075509	0.05559	0.044662	0.055847	0.24747	0.13996
538	0.16368	0.29648	0.060674	0.065163	0.055719	0.05358	0.28379	0.25119	0.056364	0.17219	0.056754	0.044463	0.20137	0.064714	0.066988	0.25763	0.2023	0.075509	0.05559	0.052	0.055847	0.25003	0.14028
539	0.16463	0.2982	0.060744	0.065313	0.055719	0.053641	0.28577	0.25352	0.056429	0.17359	0.05682	0.044463	0.20277	0.064789	0.067066	0.26063	0.20395	0.075596	0.05559	0.046605	0.056041	0.25324	0.14077
540	0.16558	0.29992	0.060814	0.065464	0.055719	0.053703	0.28774	0.25586	0.056494	0.17498	0.056885	0.044463	0.20417	0.064863	0.067143	0.26363	0.20559	0.075683	0.05559	0.04121	0.056234	0.25645	0.14125
541	0.16654	0.30235	0.060884	0.065539	0.055719	0.053703	0.28974	0.25794	0.056624	0.1762	0.056885	0.044463	0.20536	0.064938	0.067298	0.2667	0.20702	0.075771	0.05559	0.042836	0.056429	0.25913	0.14174
542	0.16749	0.30479	0.060954	0.065615	0.055719	0.053703	0.29174	0.26002	0.056754	0.17742	0.056885	0.044463	0.20654	0.065013	0.067453	0.26977	0.20845	0.075858	0.05559	0.044463	0.056624	0.26182	0.14223
543	0.16807	0.30655	0.061024	0.065766	0.055783	0.053703	0.29343	0.26213	0.056754	0.17865	0.057017	0.044514	0.20797	0.065163	0.067531	0.27323	0.21014	0.076033	0.05559	0.043075	0.056689	0.26487	0.14306
544	0.16866	0.30832	0.061094	0.065917	0.055847	0.053703	0.29512	0.26424	0.056754	0.17989	0.057148	0.044566	0.20941	0.065313	0.067608	0.27669	0.21184	0.076208	0.05559	0.041687	0.056754	0.26792	0.14388
545	0.16944	0.31046	0.061306	0.06607	0.055783	0.053641	0.29717	0.26608	0.05682	0.18093	0.057214	0.044617	0.21038	0.065388	0.067764	0.28024	0.21356	0.076472	0.055719	0.041928	0.057017	0.27167	0.14455
546	0.17022	0.31261	0.061518	0.066222	0.055719	0.05358	0.29923	0.26792	0.056885	0.18197	0.05728	0.044668	0.21135	0.065464	0.06792	0.28379	0.21528	0.076736	0.055847	0.04217	0.05728	0.27542	0.14521
547	0.171	0.31478	0.06166	0.066451	0.055847	0.05358	0.30131	0.27009	0.057017	0.18281	0.057346	0.04472	0.21208	0.065615	0.068077	0.28777	0.21728	0.077091	0.055976	0.041976	0.057412	0.27896	0.14622
548	0.17179	0.31696	0.061802	0.066681	0.055976	0.05358	0.30339	0.27227	0.057148	0.18365	0.057412	0.044771	0.21281	0.065766	0.068234	0.29174	0.21928	0.077446	0.056105	0.041783	0.057544	0.28249	0.14723
549	0.17239	0.31916	0.062016	0.066989	0.05604	0.05358	0.30515	0.27448	0.057346	0.1845	0.057677	0.044875	0.2138	0.065994	0.06847	0.29583	0.22132	0.077804	0.056169	0.041879	0.057677	0.28678	0.14826
550	0.17298	0.32137	0.06223	0.067298	0.056105	0.05358	0.3069	0.27669	0.057544	0.18535	0.057943	0.044978	0.21478	0.066222	0.068707	0.29992	0.22336	0.078163	0.056234	0.041976	0.05781	0.29107	0.14928
551	0.17338	0.32398	0.062518	0.067766	0.056234	0.053641	0.30868	0.27862	0.057743	0.186	0.058144	0.045082	0.21528	0.066451	0.069025	0.30447	0.2257	0.078615	0.056429	0.041976	0.058077	0.29549	0.15049
552	0.17378	0.32659	0.062806	0.068234	0.056364	0.053703	0.31046	0.28054	0.057943	0.18664	0.058345	0.045186	0.21577	0.066681	0.069343	0.30903	0.22803	0.079068	0.056624	0.041976	0.058345	0.29992	0.15171
553	0.17378	0.32848	0.063169	0.068629	0.056429	0.053827	0.31225	0.28249	0.058211	0.18707	0.058614	0.045342	0.21627	0.067067	0.069663	0.31336	0.23042	0.07971	0.05682	0.042121	0.058345	0.30376	0.15329
554	0.17378	0.33037	0.063533	0.069024	0.056494	0.053951	0.31405	0.28445	0.058479	0.1875	0.058884	0.045499	0.21677	0.067453	0.069984	0.31769	0.23281	0.080353	0.057016	0.042267	0.058345	0.30761	0.15488
555	0.17358	0.3319	0.063827	0.069424	0.056624	0.053889	0.31587	0.28609	0.058818	0.18772	0.059225	0.045656	0.21652	0.067843	0.070389	0.32214	0.23497	0.081194	0.05728	0.042364	0.058547	0.31228	0.15632
556	0.17338	0.33343	0.064121	0.069823	0.056754	0.053827	0.31769	0.28774	0.059156	0.18793	0.059566	0.045814	0.21627	0.068234	0.070795	0.32659	0.23714	0.082035	0.057544	0.042462	0.058749	0.31696	0.15776
557	0.17278	0.33536	0.064567	0.070472	0.057017	0.054014	0.31916	0.28974	0.059499	0.18793	0.059911	0.046026	0.21602	0.068629	0.071204	0.33039	0.23962	0.082798	0.057877	0.042609	0.058885	0.32065	0.15941
558	0.17219	0.33729	0.065013	0.071121	0.05728	0.0542	0.32063	0.29174	0.059841	0.18793	0.060256	0.046238	0.21577	0.069024	0.071614	0.3342	0.2421	0.08356	0.05821	0.042756	0.05902	0.32434	0.16106
559	0.1712	0.33846	0.065541	0.071782	0.057478	0.054263	0.32174	0.29343	0.060188	0.1875	0.060605	0.046452	0.21503	0.069424	0.072112	0.33809	0.24407	0.084435	0.058547	0.042855	0.059088	0.32812	0.16275
560	0.17022	0.33963	0.066069	0.072444	0.057677	0.054325	0.32285	0.29512	0.060534	0.18707	0.060954	0.046666	0.21429	0.069823	0.072611	0.34198	0.24604	0.08531	0.058884	0.042954	0.059156	0.33189	0.16444
561	0.16905	0.3408	0.066761	0.073287	0.058011	0.054513	0.32434	0.29649	0.061026	0.18664	0.061378	0.046991	0.21355	0.070309	0.073116	0.34556	0.24832	0.086304	0.059294	0.042954	0.059224	0.33498	0.16616
562	0.16788	0.34198	0.067453	0.074131	0.058345	0.054702	0.32584	0.29785	0.061518	0.18621	0.061802	0.047315	0.21281	0.070795	0.073621	0.34914	0.25061	0.087297	0.059704	0.042954	0.059293	0.33806	0.16788
563	0.16616	0.34277	0.068159	0.074994	0.058614	0.054765	0.32697	0.29923	0.062017	0.18536	0.062232	0.047589	0.2116	0.071287	0.074219	0.3528	0.25294	0.088417	0.060189	0.043252	0.059361	0.342	0.17003
564	0.16444	0.34356	0.068865	0.075858	0.058884	0.054828	0.3281	0.30061	0.062517	0.1845	0.062661	0.047863	0.21038	0.071779	0.074817	0.35645	0.25527	0.089536	0.060674	0.043551	0.059429	0.34594	0.17219
565	0.1622	0.34475	0.06983	0.077281	0.059432	0.055081	0.32923	0.302	0.063172	0.18345	0.063244	0.048252	0.20846	0.072363	0.075425	0.36018	0.25764	0.091003	0.061238	0.043601	0.059361	0.34956	0.1744
566	0.15996	0.34594	0.070795	0.078705	0.059979	0.055335	0.33037	0.30339	0.063826	0.18239	0.063826	0.048641	0.20654	0.072946	0.076033	0.36392	0.26002	0.09247	0.061802	0.043652	0.059293	0.35318	0.1766
567	0.1576	0.34674	0.071786	0.080088	0.060537	0.055527	0.33075	0.30479	0.06457	0.18073	0.064345	0.049036	0.20442	0.073538	0.076739	0.36773	0.26274	0.094095	0.062594	0.043752	0.059224	0.35688	0.17908
568	0.15524	0.34754	0.072778	0.08147	0.061094	0.055719	0.33113	0.3062	0.065313	0.17906	0.064863	0.049431	0.2023	0.074131	0.077446	0.37154	0.26546	0.095719	0.063387	0.043853	0.059156	0.36058	0.18155
569	0.15226	0.34754	0.074144	0.083292	0.061806	0.056106	0.3319	0.30761	0.066228	0.17722	0.065466	0.049891	0.2	0.074733	0.078166	0.37543	0.26793	0.09763	0.0642	0.044107	0.059156	0.36393	0.18409
570	0.14928	0.34754	0.075509	0.085114	0.062517	0.056494	0.33266	0.30903	0.067143	0.17539	0.066069	0.05035	0.1977	0.075336	0.078886	0.37931	0.2704	0.099541	0.065013	0.044361	0.059156	0.36728	0.18664
571	0.14691	0.34794	0.076746	0.087017	0.063393	0.056689	0.33304	0.30974	0.068083	0.17339	0.066529	0.0507	0.195	0.07586	0.079527	0.38195	0.27259	0.10141	0.065847	0.044773	0.05902	0.36984	0.18903
572	0.14454	0.34834	0.077983	0.08892	0.064269	0.056885	0.33343	0.31046	0.069024	0.1714	0.066988	0.051051	0.19231	0.076384	0.080168	0.38459	0.27479	0.10328	0.066681	0.045186	0.058884	0.37239	0.19143
573	0.14225	0.34794	0.079633	0.09123	0.065093	0.057148	0.33343	0.31153	0.070073	0.16945	0.067454	0.051406	0.18969	0.076915	0.080725	0.38727	0.2767	0.10509	0.067615	0.045447	0.058817	0.37498	0.19411
574	0.13996	0.34754	0.081283	0.093541	0.065917	0.057412	0.33343	0.31261	0.071121	0.16749	0.06792	0.051761	0.18707	0.077446	0.081283	0.38994	0.27861	0.10691	0.068549	0.045709	0.058749	0.37757	0.19679
575	0.13805	0.34714	0.082905	0.095745	0.066919	0.057811	0.33381	0.31297	0.072034	0.16559	0.068314	0.052181	0.18515	0.077985	0.081754	0.39265	0.28088	0.10904	0.06959	0.045814	0.058749	0.3802	0.19931
576	0.13614	0.34674	0.084528	0.097949	0.06792	0.05821	0.3342	0.31333	0.072946	0.16368	0.068707	0.052602	0.18323	0.078524	0.082224	0.39537	0.28314	0.11117	0.070632	0.04592	0.058749	0.38282	0.20184
577	0.13429	0.34674	0.086316	0.10073	0.069033	0.058615	0.3342	0.31405	0.074227	0.16256	0.069426	0.053152	0.18135	0.079162	0.082892	0.39766	0.28478	0.11326	0.071621	0.046401	0.058681	0.3846	0.20443
578	0.13243	0.34674	0.088105	0.10351	0.070146	0.05902	0.3342	0.31477	0.075509	0.16144	0.070146	0.053703	0.17947	0.079799	0.08356	0.39994	0.28642	0.11535	0.072611	0.046881	0.058614	0.38637	0.20701
579	0.13093	0.34674	0.090181	0.10645	0.071462	0.059431	0.3342	0.3155	0.076746	0.16051	0.070962	0.054329	0.17804	0.080635	0.084435	0.40226	0.28841	0.11765	0.073714	0.047153	0.058546	0.3886	0.20943
580	0.12942	0.34674	0.092257	0.1094	0.072778	0.059841	0.3342	0.31623	0.077983	0.15959	0.071779	0.054954	0.1766	0.08147	0.08531	0.40458	0.2904	0.11995	0.074817	0.047424	0.058479	0.39084	0.21184
581	0.12795	0.34594	0.094654	0.1129	0.074493	0.060327	0.3342	0.31696	0.079633	0.15922	0.072785	0.055854	0.17519	0.082419	0.086606	0.40692	0.29276	0.12234	0.076132	0.047865	0.058479	0.39265	0.21455
582	0.12647	0.34514	0.097051	0.11641	0.076208	0.060814	0.3342	0.31769	0.081283	0.15885	0.07379	0.056754	0.17378	0.083368	0.087902	0.40926	0.29512	0.12474	0.077446	0.048306	0.058479	0.39446	0.21727
583	0.12503	0.34475	0.099808	0.12029	0.078096	0.061522	0.3342	0.31805	0.082711	0.15831	0.074824	0.057684	0.17279	0.084437	0.08903	0.41115	0.29717	0.12753	0.078992	0.049212	0.058479	0.39628	0.22031
584	0.12359	0.34435	0.10257	0.12417	0.079983	0.06223	0.3342	0.31842	0.08414	0.15776	0.075858	0.058614	0.17179	0.085507	0.090157	0.41305	0.29923	0.13032	0.080538	0.050119	0.058479	0.39811	0.22336
585	0.12219	0.34435	0.10573	0.12845	0.082256	0.062955	0.33458	0.31915	0.08592	0.15758	0.07692	0.059644	0.17061	0.086503	0.091207	0.41496	0.30096	0.13323	0.082049	0.051119	0.058479	0.39995	0.22622
586	0.12078	0.34435	0.10889	0.13274	0.084528	0.06368	0.33497	0.31989	0.0877	0.1574	0.077983	0.060674	0.16943	0.087498	0.092257	0.41687	0.30269	0.13614	0.08356	0.052119	0.058479	0.40179	0.22909
587	0.11968	0.34395	0.11185	0.13683	0.086724	0.064421	0.33497	0.32026	0.089346	0.15686	0.078708	0.06138	0.16827	0.088209	0.093115	0.4188	0.30444	0.13886	0.085328	0.052911	0.058479	0.40365	0.23175
588	0.11858	0.34356	0.11482	0.14093	0.08892	0.065163	0.33497	0.32063	0.090991	0.15631	0.079433	0.062087	0.16711	0.08892	0.093972	0.42073	0.3062	0.14158	0.087096	0.053703	0.058479	0.40551	0.23442
589	0.11776	0.34316	0.11822	0.14562	0.091446	0.065922	0.33497	0.321	0.092699	0.15542	0.080078	0.062737	0.16596	0.089643	0.094846	0.42267	0.30797	0.14441	0.088835	0.054711	0.058546	0.40644	0.23715
590	0.11695	0.34277	0.12162	0.15031	0.093972	0.066681	0.33497	0.32137	0.094406	0.15453	0.080724	0.063387	0.16482	0.090365	0.095719	0.42462	0.30974	0.14723	0.090573	0.055719	0.058614	0.40738	0.23988
591	0.11628	0.34277	0.12463	0.15458	0.096414	0.067457	0.33497	0.32211	0.096178	0.15364	0.081379	0.064051	0.16406	0.091099	0.096609	0.4256	0.31154	0.15017	0.092273	0.056565	0.058614	0.40879	0.24268
592	0.11561	0.34277	0.12764	0.15885	0.098855	0.068234	0.33497	0.32285	0.097949	0.15276	0.082035	0.064714	0.16331	0.091833	0.097499	0.42658	0.31333	0.15311	0.093972	0.057412	0.058614	0.4102	0.24547
593	0.11482	0.34237	0.13096	0.16375	0.10142	0.069029	0.33535	0.32322	0.099904	0.15223	0.082702	0.065316	0.16274	0.092687	0.09852	0.42756	0.31441	0.15616	0.095848	0.058352	0.058749	0.41115	0.24804
594	0.11402	0.34198	0.13428	0.16866	0.10399	0.069823	0.33574	0.32359	0.10186	0.15171	0.083368	0.065917	0.16218	0.093541	0.099541	0.42855	0.3155	0.15922	0.097724	0.059293	0.058884	0.4121	0.25061
595	0.11363	0.34198	0.13777	0.17345	0.10682	0.070801	0.33612	0.32434	0.10377	0.15084	0.084241	0.066685	0.16162	0.09452	0.10058	0.43003	0.31733	0.1624	0.10003	0.060334	0.058884	0.41305	0.25353
596	0.11324	0.34198	0.14125	0.17824	0.10965	0.071779	0.33651	0.32509	0.10568	0.14997	0.085114	0.067453	0.16106	0.095499	0.10162	0.43152	0.31915	0.16558	0.10233	0.061376	0.058884	0.414	0.25645
597	0.11272	0.34198	0.14509	0.18374	0.1129	0.07287	0.33651	0.32546	0.10804	0.14962	0.085905	0.068318	0.16033	0.096499	0.10281	0.43301	0.321	0.16928	0.10474	0.062971	0.05902	0.41496	0.25974
598	0.1122	0.34198	0.14894	0.18923	0.11614	0.073961	0.33651	0.32584	0.11041	0.14928	0.086696	0.069183	0.15959	0.097499	0.10399	0.43451	0.32285	0.17298	0.10715	0.064565	0.059156	0.41591	0.26303
599	0.11169	0.34198	0.15281	0.19461	0.1193	0.074997	0.33651	0.32697	0.11274	0.14708	0.086896	0.068787	0.15831	0.09795	0.10496	0.43501	0.32434	0.17685	0.1102	0.066087	0.059293	0.41687	0.26609
600	0.11117	0.34198	0.15668	0.19999	0.12246	0.076033	0.33651	0.3281	0.11508	0.14488	0.087096	0.068391	0.15704	0.098401	0.10593	0.43551	0.32584	0.18072	0.11324	0.067608	0.059429	0.41783	0.26915
601	0.11066	0.34159	0.16075	0.20591	0.12609	0.077188	0.3369	0.32847	0.11765	0.14146	0.087804	0.068391	0.15668	0.099547	0.10716	0.43652	0.32772	0.18498	0.11632	0.068958	0.059429	0.41879	0.27261
602	0.11015	0.34119	0.16482	0.21184	0.12972	0.078343	0.33729	0.32885	0.12023	0.13804	0.088512	0.068391	0.15631	0.10069	0.10839	0.43752	0.32961	0.18923	0.1194	0.070307	0.059429	0.41976	0.27606
603	0.10952	0.34119	0.16791	0.21632	0.13262	0.07944	0.3369	0.32961	0.12263	0.13709	0.089231	0.069349	0.15507	0.10163	0.10966	0.43853	0.33113	0.19347	0.12265	0.072648	0.059635	0.42024	0.27927
604	0.10889	0.34119	0.171	0.2208	0.13552	0.080538	0.33651	0.33037	0.12503	0.13614	0.08995	0.070307	0.15382	0.10257	0.11092	0.43954	0.33266	0.1977	0.12589	0.074989	0.059841	0.42073	0.28249
605	0.1079	0.3408	0.17401	0.22494	0.13855	0.081476	0.33612	0.33037	0.12737	0.13506	0.090681	0.070961	0.15259	0.10328	0.11195	0.44005	0.33459	0.20188	0.12947	0.077303	0.065481	0.42121	0.28611
606	0.10691	0.34041	0.17701	0.22909	0.14158	0.082414	0.33574	0.33037	0.12972	0.13397	0.091411	0.071614	0.15136	0.10399	0.11298	0.44055	0.33651	0.20606	0.13305	0.079616	0.071121	0.4217	0.28973
607	0.10605	0.33963	0.1797	0.2323	0.14407	0.08318	0.33535	0.32999	0.13184	0.13275	0.091941	0.072448	0.1498	0.10459	0.1139	0.44157	0.33807	0.21018	0.1365	0.081878	0.071699	0.42267	0.29311
608	0.1052	0.33884	0.18239	0.2355	0.14655	0.083946	0.33497	0.32961	0.13397	0.13152	0.09247	0.073282	0.14825	0.1052	0.11482	0.44259	0.33963	0.21429	0.13996	0.08414	0.072277	0.42364	0.29648
609	0.10412	0.33768	0.18451	0.23853	0.14896	0.084628	0.3342	0.32999	0.13616	0.13017	0.092898	0.073964	0.14656	0.10593	0.11561	0.4431	0.3408	0.21857	0.14376	0.087045	0.072695	0.42364	0.29959
610	0.10304	0.33651	0.18664	0.24155	0.15136	0.08531	0.33343	0.33037	0.13836	0.12882	0.093325	0.074645	0.14488	0.10666	0.11641	0.44361	0.34198	0.22284	0.14757	0.08995	0.073114	0.42364	0.30269
611	0.10198	0.33574	0.18859	0.24408	0.15348	0.085903	0.33266	0.32999	0.14029	0.12736	0.093649	0.075251	0.14307	0.10703	0.11722	0.44463	0.34356	0.22756	0.15176	0.092725	0.073537	0.42413	0.30622
612	0.10093	0.33497	0.19055	0.2466	0.1556	0.086497	0.33189	0.32961	0.14223	0.12589	0.093972	0.075858	0.14125	0.1074	0.11803	0.44566	0.34514	0.23227	0.15596	0.095499	0.073961	0.42462	0.30974
613	0.099663	0.33381	0.19254	0.24919	0.15759	0.087098	0.33113	0.32923	0.14456	0.12404	0.094189	0.076474	0.13917	0.10765	0.11872	0.44617	0.34714	0.23719	0.16077	0.099269	0.074561	0.4256	0.31371
614	0.098401	0.33266	0.19454	0.25177	0.15959	0.0877	0.33037	0.32885	0.14689	0.12218	0.094406	0.07709	0.13709	0.10789	0.1194	0.44668	0.34914	0.2421	0.16558	0.10304	0.075162	0.42658	0.31769
615	0.097171	0.33151	0.19634	0.25411	0.16163	0.088208	0.32923	0.32885	0.14912	0.12065	0.094733	0.077897	0.13522	0.10827	0.12023	0.44771	0.35076	0.24752	0.17109	0.10698	0.07551	0.42707	0.32139
616	0.09594	0.33037	0.19815	0.25645	0.16368	0.088716	0.3281	0.32885	0.15136	0.11912	0.09506	0.078705	0.13335	0.10864	0.12106	0.44875	0.35237	0.25293	0.1766	0.11092	0.075858	0.42756	0.32509
617	0.094956	0.32923	0.19976	0.25823	0.16578	0.089333	0.32734	0.32847	0.15384	0.11777	0.09539	0.079344	0.13168	0.10902	0.12176	0.44926	0.35441	0.25859	0.18227	0.1153	0.076385	0.42756	0.32887
618	0.093972	0.3281	0.20137	0.26002	0.16788	0.08995	0.32659	0.3281	0.15631	0.11641	0.095719	0.079983	0.13002	0.1094	0.12246	0.44978	0.35645	0.26424	0.18793	0.11967	0.076913	0.42756	0.33266
619	0.093221	0.32697	0.20301	0.26182	0.16964	0.090471	0.32584	0.3281	0.15832	0.11535	0.09594	0.080633	0.12868	0.10977	0.12317	0.45082	0.3581	0.2692	0.19373	0.1244	0.077538	0.42806	0.33614
620	0.09247	0.32584	0.20464	0.26363	0.1714	0.090991	0.32509	0.3281	0.16032	0.11429	0.096161	0.081283	0.12735	0.11015	0.12388	0.45186	0.35975	0.27416	0.19953	0.12912	0.078163	0.42855	0.33963
621	0.091835	0.32546	0.20607	0.26516	0.17319	0.091624	0.32471	0.3281	0.16257	0.1135	0.096606	0.081943	0.12648	0.11066	0.12474	0.45186	0.361	0.2793	0.20519	0.13406	0.078889	0.42904	0.34318
622	0.091201	0.32509	0.20749	0.26669	0.17498	0.092257	0.32434	0.3281	0.16482	0.11272	0.097051	0.082604	0.1256	0.11117	0.1256	0.45186	0.36224	0.28445	0.21086	0.139	0.079616	0.42954	0.34674
623	0.090783	0.32434	0.20918	0.26854	0.17682	0.092899	0.32434	0.32847	0.16693	0.1122	0.0975	0.083372	0.12503	0.11182	0.12662	0.4529	0.36392	0.28944	0.2166	0.14397	0.080263	0.43003	0.34996
624	0.090365	0.32359	0.21086	0.2704	0.17865	0.093541	0.32434	0.32885	0.16904	0.11169	0.097949	0.08414	0.12445	0.11246	0.12764	0.45394	0.36559	0.29444	0.22233	0.14894	0.08091	0.43053	0.35318
625	0.090054	0.32322	0.21258	0.27196	0.18052	0.094301	0.32397	0.32885	0.17121	0.1113	0.098516	0.085119	0.12402	0.11324	0.12853	0.45446	0.36686	0.29892	0.22784	0.1539	0.081662	0.43053	0.35605
626	0.089743	0.32285	0.21429	0.27353	0.18239	0.09506	0.32359	0.32885	0.17338	0.11092	0.099083	0.086099	0.12359	0.11402	0.12942	0.45499	0.36813	0.30339	0.23335	0.15885	0.082414	0.43053	0.35892
627	0.089743	0.32285	0.21603	0.27543	0.1843	0.095833	0.32359	0.32923	0.1756	0.11079	0.099542	0.0869	0.12345	0.11469	0.13047	0.45499	0.3694	0.30836	0.23941	0.16454	0.083374	0.43102	0.36184
628	0.089743	0.32285	0.21777	0.27733	0.18621	0.096605	0.32359	0.32961	0.17783	0.11066	0.1	0.0877	0.12331	0.11535	0.13152	0.45499	0.37068	0.31333	0.24547	0.17022	0.084333	0.43152	0.36475
629	0.08964	0.32285	0.2198	0.27926	0.18838	0.097503	0.32359	0.32999	0.18032	0.11054	0.10081	0.088618	0.12317	0.11615	0.13244	0.45551	0.3724	0.31809	0.25185	0.17609	0.085216	0.43202	0.36814
630	0.089536	0.32285	0.22182	0.28119	0.19055	0.098401	0.32359	0.33037	0.18281	0.11041	0.10162	0.089536	0.12303	0.11695	0.13335	0.45604	0.37411	0.32285	0.25823	0.18197	0.086099	0.43251	0.37154
631	0.089331	0.32248	0.22362	0.28282	0.19299	0.099316	0.32359	0.33075	0.18515	0.11003	0.1021	0.090264	0.1226	0.11763	0.13444	0.45709	0.37584	0.32775	0.26462	0.1887	0.087001	0.43251	0.37455
632	0.089125	0.32211	0.22542	0.28445	0.19543	0.10023	0.32359	0.33113	0.1875	0.10965	0.10257	0.090991	0.12218	0.1183	0.13552	0.45814	0.37757	0.33266	0.27102	0.19543	0.087902	0.43251	0.37757
633	0.088413	0.32137	0.22699	0.28676	0.19748	0.10104	0.32359	0.33151	0.1899	0.1089	0.10268	0.091518	0.12162	0.11858	0.13615	0.45867	0.37888	0.33811	0.27806	0.20242	0.088411	0.43301	0.38064
634	0.0877	0.32063	0.22856	0.28907	0.19953	0.10186	0.32359	0.33189	0.19231	0.10814	0.1028	0.092045	0.12106	0.11885	0.13677	0.4592	0.38019	0.34356	0.2851	0.20941	0.08892	0.43351	0.38371
635	0.086603	0.31952	0.22962	0.29007	0.20138	0.10221	0.32359	0.33189	0.19387	0.10716	0.10257	0.092257	0.12009	0.11858	0.13693	0.4592	0.38151	0.34756	0.29079	0.21587	0.089125	0.43401	0.38638
636	0.085507	0.31842	0.23067	0.29107	0.20324	0.10257	0.32359	0.33189	0.19543	0.10617	0.10233	0.09247	0.11912	0.1183	0.13709	0.4592	0.38282	0.35156	0.29648	0.22233	0.089331	0.43451	0.38905
637	0.084055	0.3166	0.23121	0.29174	0.20489	0.10268	0.32322	0.33151	0.19679	0.10484	0.10174	0.092257	0.11777	0.1179	0.13662	0.45973	0.38371	0.35565	0.3024	0.22865	0.089023	0.43451	0.3913
638	0.082604	0.31477	0.23174	0.29242	0.20654	0.1028	0.32285	0.33113	0.19815	0.10351	0.10116	0.092045	0.11641	0.11749	0.13614	0.46026	0.38459	0.35975	0.30832	0.23496	0.088716	0.43451	0.39355
639	0.08111	0.31369	0.23201	0.29275	0.20749	0.1028	0.32211	0.33113	0.19884	0.10187	0.10023	0.091518	0.1147	0.11642	0.13537	0.46026	0.38548	0.36309	0.31337	0.24078	0.088107	0.43501	0.39583
640	0.079616	0.31261	0.23227	0.29309	0.20845	0.1028	0.32137	0.33113	0.19953	0.10023	0.099312	0.090991	0.11298	0.11535	0.13459	0.46026	0.38637	0.36644	0.31842	0.2466	0.087498	0.43551	0.39811
641	0.078	0.31011	0.23201	0.29309	0.20966	0.10233	0.32063	0.33037	0.19999	0.098641	0.098293	0.090471	0.11119	0.11429	0.13366	0.46079	0.38771	0.36984	0.32326	0.25241	0.086799	0.43551	0.39995
642	0.076384	0.30761	0.23174	0.29309	0.21086	0.10186	0.31989	0.32961	0.20045	0.097051	0.097275	0.08995	0.1094	0.11324	0.13274	0.46132	0.38905	0.37325	0.3281	0.25823	0.086099	0.43551	0.40179
643	0.074749	0.3055	0.23068	0.29275	0.21111	0.10116	0.31879	0.32923	0.20068	0.095081	0.095949	0.089027	0.10717	0.1117	0.13138	0.46132	0.38949	0.37585	0.33308	0.26431	0.08483	0.43551	0.40365
644	0.073114	0.30339	0.22961	0.29242	0.21135	0.10046	0.31769	0.32885	0.20091	0.093111	0.094624	0.088105	0.10495	0.11015	0.13002	0.46132	0.38994	0.37844	0.33806	0.2704	0.08356	0.43551	0.40551
645	0.071549	0.30062	0.2283	0.29107	0.21086	0.099545	0.31587	0.32772	0.20068	0.091221	0.093123	0.087003	0.10271	0.10853	0.12854	0.46132	0.39129	0.38152	0.3428	0.27612	0.082235	0.43551	0.40786
646	0.069984	0.29785	0.22699	0.28973	0.21038	0.098628	0.31405	0.32659	0.20045	0.089331	0.091622	0.085901	0.10046	0.10691	0.12706	0.46132	0.39264	0.38459	0.34754	0.28184	0.08091	0.43551	0.4102
647	0.068796	0.29547	0.22492	0.28775	0.20917	0.097505	0.31261	0.32546	0.19976	0.087419	0.090169	0.084827	0.098311	0.10533	0.12547	0.46185	0.39355	0.38682	0.3524	0.2878	0.079717	0.43551	0.41163
648	0.067608	0.29309	0.22284	0.28576	0.20797	0.096383	0.31117	0.32434	0.19907	0.085507	0.088716	0.083753	0.096161	0.10375	0.12388	0.46238	0.39446	0.38905	0.35727	0.29376	0.078524	0.43551	0.41305
649	0.066763	0.29108	0.22081	0.28347	0.20631	0.095178	0.30975	0.32322	0.19884	0.08415	0.087806	0.082989	0.094636	0.10257	0.12275	0.46238	0.39537	0.3913	0.36143	0.29928	0.077807	0.43551	0.41448
650	0.065917	0.28907	0.21878	0.28119	0.20464	0.093972	0.30832	0.32211	0.19861	0.082794	0.086896	0.082224	0.093111	0.10139	0.12162	0.46238	0.39628	0.39355	0.36559	0.30479	0.07709	0.43551	0.41591
651	0.065465	0.28807	0.21653	0.27894	0.20255	0.093115	0.30691	0.32137	0.19815	0.081945	0.086103	0.08166	0.091738	0.10047	0.12065	0.46291	0.39719	0.39537	0.36942	0.31014	0.076474	0.43551	0.41735
652	0.065013	0.28708	0.21429	0.27669	0.20045	0.092257	0.30549	0.32063	0.1977	0.081096	0.08531	0.081096	0.090365	0.099541	0.11967	0.46345	0.39811	0.39719	0.37325	0.3155	0.075858	0.43551	0.41879
653	0.064715	0.28543	0.21161	0.27292	0.19727	0.091	0.3034	0.31916	0.19679	0.07981	0.084435	0.080448	0.089134	0.09852	0.11845	0.46398	0.39903	0.39857	0.37628	0.32029	0.075424	0.43551	0.42025
654	0.064417	0.28379	0.20893	0.26915	0.19409	0.089743	0.3013	0.31769	0.19588	0.078524	0.08356	0.079799	0.087902	0.097499	0.11722	0.46452	0.39994	0.39994	0.37931	0.32509	0.074989	0.43551	0.4217
655	0.063902	0.28185	0.20538	0.26488	0.18972	0.088319	0.29889	0.31623	0.19432	0.077016	0.082328	0.078623	0.086312	0.096061	0.11575	0.46452	0.40087	0.40133	0.3824	0.32887	0.07439	0.43601	0.42316
656	0.063387	0.2799	0.20184	0.26062	0.18535	0.086896	0.29648	0.31477	0.19275	0.075509	0.081096	0.077446	0.084723	0.094624	0.11429	0.46452	0.40179	0.40272	0.38548	0.33266	0.07379	0.43652	0.42462
657	0.062666	0.27671	0.19663	0.25475	0.18017	0.084941	0.29278	0.31226	0.19013	0.073727	0.07945	0.07596	0.08263	0.092703	0.11197	0.46452	0.40225	0.40318	0.38816	0.33653	0.072951	0.43601	0.4256
658	0.061944	0.27353	0.19143	0.24889	0.17498	0.082985	0.28907	0.30974	0.1875	0.071945	0.077804	0.074473	0.080538	0.090782	0.10965	0.46452	0.40272	0.40365	0.39084	0.34041	0.072111	0.43551	0.42658
659	0.0611	0.26949	0.18586	0.2422	0.16933	0.081026	0.28513	0.30657	0.18432	0.069467	0.075628	0.072471	0.078024	0.088441	0.1067	0.46452	0.40365	0.40318	0.39265	0.34357	0.070887	0.43501	0.42756
660	0.060256	0.26546	0.1803	0.2355	0.16368	0.079068	0.28119	0.30339	0.18113	0.066988	0.073451	0.070469	0.075509	0.086099	0.10375	0.46452	0.40458	0.40272	0.39446	0.34674	0.069663	0.43451	0.42855
661	0.0593	0.26037	0.17351	0.22739	0.15717	0.076856	0.27548	0.29926	0.17666	0.064466	0.071158	0.068193	0.072908	0.083226	0.10051	0.46452	0.40504	0.40272	0.39628	0.34996	0.068249	0.43401	0.42954
662	0.058345	0.25527	0.16672	0.21928	0.15066	0.074645	0.26977	0.29512	0.17219	0.061944	0.068865	0.065917	0.070307	0.080353	0.097275	0.46452	0.40551	0.40272	0.39811	0.35318	0.066834	0.43351	0.43053
663	0.057615	0.25037	0.16027	0.21149	0.14435	0.072801	0.264	0.29077	0.16756	0.059415	0.066567	0.063718	0.067735	0.077757	0.09382	0.46452	0.40644	0.40133	0.39949	0.35564	0.065478	0.43301	0.43152
664	0.056885	0.24547	0.15382	0.2037	0.13804	0.070958	0.25823	0.28642	0.16293	0.056885	0.064269	0.061518	0.065163	0.075162	0.090365	0.46452	0.40738	0.39994	0.40087	0.3581	0.064121	0.43251	0.43251
665	0.056174	0.23968	0.14753	0.19625	0.13226	0.069361	0.25213	0.28219	0.15802	0.054987	0.062401	0.059664	0.06327	0.072897	0.087544	0.46452	0.40832	0.39903	0.40226	0.36059	0.06289	0.43202	0.43351
666	0.055463	0.23388	0.14125	0.1888	0.12647	0.067764	0.24604	0.27797	0.15311	0.053088	0.060534	0.05781	0.061376	0.070632	0.084723	0.46452	0.40926	0.39811	0.40365	0.36308	0.06166	0.43152	0.43451
667	0.054894	0.22965	0.13684	0.18331	0.12266	0.066689	0.24131	0.27387	0.1495	0.051546	0.059105	0.056382	0.05986	0.068887	0.082445	0.46505	0.41021	0.39719	0.40504	0.36476	0.060888	0.43102	0.43501
668	0.054325	0.22542	0.13243	0.17783	0.11885	0.065615	0.23659	0.26977	0.14588	0.050003	0.057677	0.054954	0.058345	0.067143	0.080168	0.46559	0.41115	0.39628	0.40644	0.36644	0.060117	0.43053	0.43551
669	0.054014	0.2216	0.12873	0.17344	0.11591	0.064868	0.23258	0.26701	0.14292	0.048933	0.056634	0.053839	0.057419	0.065929	0.07854	0.46505	0.41162	0.39537	0.40738	0.36813	0.059433	0.43003	0.43601
670	0.053703	0.21777	0.12503	0.16904	0.11298	0.064121	0.22856	0.26424	0.13996	0.047863	0.05559	0.052723	0.056494	0.064714	0.076913	0.46452	0.4121	0.39446	0.40832	0.36983	0.058749	0.42954	0.43652
671	0.05358	0.2148	0.12263	0.16599	0.11106	0.063681	0.2257	0.26243	0.13774	0.047104	0.054895	0.052005	0.055851	0.063832	0.075779	0.46452	0.41257	0.39355	0.40879	0.37197	0.05848	0.42904	0.43752
672	0.053456	0.21184	0.12023	0.16293	0.10914	0.063241	0.22284	0.26062	0.13552	0.046345	0.0542	0.051286	0.055208	0.062951	0.074645	0.46452	0.41305	0.39264	0.40926	0.37411	0.05821	0.42855	0.43853
673	0.053272	0.20943	0.11832	0.16053	0.10778	0.062951	0.22081	0.25912	0.13413	0.045869	0.053767	0.050818	0.054766	0.062447	0.074048	0.46505	0.41352	0.39264	0.41068	0.37628	0.057943	0.42855	0.43904
674	0.053088	0.20701	0.11641	0.15812	0.10641	0.062661	0.21878	0.25763	0.13274	0.045394	0.053333	0.05035	0.054325	0.061944	0.073451	0.46559	0.414	0.39264	0.4121	0.37844	0.057677	0.42855	0.43954
675	0.053027	0.20559	0.11522	0.15633	0.10544	0.062446	0.21777	0.25675	0.13153	0.045031	0.053028	0.050062	0.054014	0.061519	0.072947	0.46559	0.41496	0.39264	0.41353	0.38019	0.057478	0.42904	0.44056
676	0.052966	0.20417	0.11402	0.15453	0.10447	0.06223	0.21677	0.25586	0.13032	0.044668	0.052723	0.049774	0.053703	0.061094	0.072444	0.46559	0.41591	0.39264	0.41495	0.38194	0.05728	0.42954	0.44157
677	0.052966	0.20347	0.11324	0.15347	0.10387	0.062087	0.21602	0.25645	0.13017	0.044566	0.052662	0.049659	0.053641	0.060954	0.072277	0.46612	0.41687	0.3931	0.41639	0.3846	0.057214	0.43003	0.44208
678	0.052966	0.20277	0.11246	0.15241	0.10328	0.061944	0.21528	0.25704	0.13002	0.044463	0.052602	0.049545	0.05358	0.060814	0.072111	0.46666	0.41783	0.39355	0.41783	0.38726	0.057148	0.43053	0.44259
679	0.053027	0.20347	0.11298	0.15311	0.10363	0.061944	0.21678	0.25853	0.13077	0.044721	0.052845	0.04989	0.053765	0.061095	0.072781	0.4672	0.41879	0.39491	0.41928	0.38995	0.057214	0.43102	0.44361
680	0.053088	0.20417	0.1135	0.15382	0.10399	0.061944	0.21827	0.26002	0.13152	0.044978	0.053088	0.050234	0.053951	0.061376	0.073451	0.46774	0.41976	0.39628	0.42073	0.39264	0.05728	0.43152	0.44463
681	0.053396	0.20874	0.11659	0.15744	0.10607	0.06252	0.22211	0.26397	0.13446	0.046092	0.054148	0.051479	0.054835	0.062675	0.075271	0.46827	0.42024	0.39903	0.42316	0.39676	0.057879	0.43251	0.44514
682	0.053703	0.2133	0.11967	0.16106	0.10814	0.063096	0.22594	0.26792	0.1374	0.047206	0.055208	0.052723	0.055719	0.063973	0.07709	0.46881	0.42073	0.40179	0.4256	0.40087	0.058479	0.43351	0.44566
683	0.054519	0.21988	0.1256	0.16782	0.11255	0.064431	0.23236	0.27423	0.14283	0.049483	0.057456	0.055001	0.057574	0.066499	0.080615	0.4699	0.4217	0.40553	0.42806	0.40459	0.059576	0.43501	0.44617
684	0.055335	0.22646	0.13152	0.17458	0.11695	0.065766	0.23878	0.28054	0.14825	0.051761	0.059704	0.05728	0.059429	0.069024	0.08414	0.47098	0.42267	0.40926	0.43053	0.40832	0.060674	0.43652	0.44668
685	0.057246	0.23625	0.14092	0.18523	0.12454	0.068199	0.24821	0.28885	0.15672	0.05539	0.063423	0.061146	0.062673	0.073414	0.0896	0.47206	0.42364	0.41403	0.43352	0.41307	0.063144	0.43803	0.44771
686	0.059156	0.24604	0.15031	0.19588	0.13213	0.070632	0.25763	0.29717	0.1652	0.05902	0.067143	0.065013	0.065917	0.077804	0.09506	0.47315	0.42462	0.41879	0.43652	0.41783	0.065615	0.43954	0.44875
687	0.062235	0.25605	0.16165	0.20834	0.14174	0.074578	0.26748	0.30489	0.1757	0.064664	0.072653	0.070435	0.071239	0.084084	0.10286	0.47315	0.42511	0.42318	0.43904	0.42171	0.069788	0.44056	0.44926
688	0.065313	0.26607	0.17298	0.2208	0.15136	0.078524	0.27733	0.31261	0.18621	0.070307	0.078163	0.075858	0.07656	0.090365	0.11066	0.47315	0.4256	0.42756	0.44157	0.4256	0.073961	0.44157	0.44978
689	0.070936	0.27691	0.18695	0.23542	0.16418	0.084757	0.28794	0.32073	0.19854	0.077127	0.085423	0.0828	0.08388	0.098882	0.12034	0.47424	0.42658	0.43154	0.44361	0.42955	0.080328	0.4431	0.4503
690	0.07656	0.28774	0.20091	0.25003	0.17701	0.090991	0.29854	0.32885	0.21086	0.083946	0.092683	0.089743	0.091201	0.1074	0.13002	0.47534	0.42756	0.43551	0.44566	0.43351	0.086696	0.44463	0.45082
691	0.084091	0.29767	0.21553	0.26464	0.19012	0.098948	0.30775	0.33581	0.22237	0.092903	0.10206	0.098079	0.10106	0.11796	0.14174	0.47588	0.42806	0.43956	0.44824	0.43703	0.096067	0.44566	0.45134
692	0.091622	0.30761	0.23014	0.27925	0.20324	0.10691	0.31696	0.34277	0.23388	0.10186	0.11143	0.10641	0.11092	0.12853	0.15346	0.47643	0.42855	0.44361	0.45082	0.44055	0.10544	0.44668	0.45186
693	0.10243	0.3171	0.24598	0.29521	0.21937	0.11831	0.32596	0.34961	0.24665	0.11174	0.12254	0.1163	0.12322	0.14135	0.16688	0.47698	0.42954	0.44721	0.45343	0.44413	0.11803	0.4472	0.4529
694	0.11324	0.32659	0.26182	0.31117	0.2355	0.12972	0.33497	0.35645	0.25942	0.12162	0.13366	0.12618	0.13552	0.15417	0.1803	0.47753	0.43053	0.45082	0.45604	0.44771	0.13062	0.44771	0.45394
695	0.12548	0.33507	0.27611	0.3254	0.25079	0.14248	0.34246	0.36144	0.27063	0.13275	0.14571	0.13637	0.14904	0.16765	0.19438	0.47808	0.43152	0.45395	0.45815	0.45031	0.14529	0.44823	0.45446
696	0.13772	0.34356	0.2904	0.33963	0.26607	0.15524	0.34995	0.36644	0.28184	0.14388	0.15776	0.14655	0.16255	0.18113	0.20845	0.47863	0.43251	0.45709	0.46026	0.4529	0.15996	0.44875	0.45499
697	0.15165	0.35042	0.30515	0.35303	0.28162	0.16966	0.35651	0.37114	0.29192	0.15359	0.16924	0.15607	0.17568	0.19407	0.22144	0.47863	0.43301	0.4592	0.46132	0.45499	0.17525	0.44926	0.45551
698	0.16558	0.35727	0.31989	0.36644	0.29717	0.18408	0.36308	0.37584	0.302	0.16331	0.18072	0.16558	0.1888	0.20701	0.23442	0.47863	0.43351	0.46132	0.46238	0.45709	0.19055	0.44978	0.45604
699	0.17806	0.36228	0.33015	0.3764	0.30927	0.19699	0.36773	0.37845	0.31057	0.17243	0.19081	0.17398	0.20105	0.21884	0.24573	0.47973	0.43401	0.46292	0.46452	0.45973	0.20517	0.4503	0.45656
700	0.19055	0.36728	0.34041	0.38637	0.32137	0.20989	0.37239	0.38107	0.31915	0.18155	0.20091	0.18239	0.2133	0.23067	0.25704	0.48084	0.43451	0.46452	0.46666	0.46238	0.21979	0.45082	0.45709
701	0.20242	0.37156	0.35008	0.39454	0.33246	0.22297	0.37585	0.38416	0.32629	0.18872	0.20984	0.18936	0.22359	0.24093	0.26655	0.48084	0.43551	0.46666	0.46774	0.46398	0.23263	0.45134	0.45709
702	0.21429	0.37584	0.35975	0.40272	0.34356	0.23605	0.37931	0.38726	0.33343	0.19588	0.21878	0.19634	0.23388	0.25119	0.27606	0.48084	0.43652	0.46881	0.46881	0.46559	0.24547	0.45186	0.45709
703	0.22409	0.37845	0.36693	0.40931	0.35248	0.24684	0.38195	0.3886	0.33889	0.20265	0.22633	0.20239	0.24312	0.25955	0.28424	0.48084	0.43702	0.46935	0.46935	0.46666	0.257	0.45186	0.45762
704	0.23388	0.38107	0.37411	0.41591	0.36141	0.25763	0.38459	0.38994	0.34435	0.20941	0.23388	0.20845	0.25235	0.26792	0.29242	0.48084	0.43752	0.46989	0.46989	0.46774	0.26853	0.45186	0.45814
705	0.24341	0.38416	0.38024	0.42174	0.36993	0.26844	0.38682	0.39129	0.34877	0.2146	0.24053	0.21361	0.26013	0.27553	0.29931	0.48139	0.43853	0.47098	0.47098	0.46936	0.27913	0.45238	0.45867
706	0.25293	0.38726	0.38637	0.42756	0.37844	0.27925	0.38905	0.39264	0.35318	0.21979	0.24717	0.21878	0.26792	0.28314	0.3062	0.48195	0.43954	0.47206	0.47206	0.47098	0.28973	0.4529	0.4592
707	0.26166	0.38905	0.39224	0.43254	0.38554	0.28924	0.39085	0.39401	0.3573	0.22497	0.25389	0.22367	0.27585	0.2905	0.31268	0.4825	0.44005	0.47315	0.47315	0.47261	0.29974	0.4529	0.45973
708	0.2704	0.39084	0.39811	0.43752	0.39264	0.29923	0.39264	0.39537	0.36141	0.23014	0.26062	0.22856	0.28379	0.29785	0.31915	0.48306	0.44055	0.47424	0.47424	0.47424	0.30974	0.4529	0.46026
709	0.2794	0.3922	0.40321	0.44159	0.39861	0.30993	0.39446	0.39628	0.36562	0.23501	0.26613	0.2334	0.29117	0.30487	0.32476	0.48306	0.44157	0.47479	0.47534	0.47534	0.32006	0.4529	0.46026
710	0.2884	0.39355	0.40832	0.44566	0.40458	0.32063	0.39628	0.39719	0.36983	0.23988	0.27164	0.23823	0.29854	0.31189	0.33037	0.48306	0.44259	0.47534	0.47643	0.47643	0.33037	0.4529	0.46026
711	0.2966	0.39537	0.41356	0.4498	0.41168	0.33013	0.39719	0.39811	0.37327	0.24438	0.27739	0.24185	0.30521	0.31811	0.33578	0.48306	0.44259	0.47588	0.47643	0.47753	0.33975	0.4529	0.46079
712	0.30479	0.39719	0.41879	0.45394	0.41879	0.33963	0.39811	0.39902	0.3767	0.24889	0.28314	0.24547	0.31189	0.32434	0.34119	0.48306	0.44259	0.47643	0.47643	0.47863	0.34914	0.4529	0.46132
713	0.31345	0.39949	0.42318	0.45763	0.42466	0.3501	0.39949	0.40041	0.37976	0.25237	0.28778	0.2492	0.31811	0.33004	0.34557	0.48362	0.44361	0.47698	0.47698	0.47973	0.35863	0.45342	0.46132
714	0.32211	0.40179	0.42756	0.46132	0.43053	0.36058	0.40087	0.40179	0.38282	0.25586	0.29242	0.25293	0.32434	0.33574	0.34995	0.48417	0.44463	0.47753	0.47753	0.48084	0.36813	0.45394	0.46132
715	0.32892	0.40225	0.43154	0.46507	0.43453	0.36908	0.40133	0.40225	0.38638	0.25944	0.29651	0.25588	0.32965	0.34004	0.35443	0.48417	0.44514	0.47808	0.47863	0.48084	0.37592	0.45394	0.46185
716	0.33574	0.40272	0.43551	0.46881	0.43853	0.37757	0.40179	0.40272	0.38994	0.26303	0.30061	0.25882	0.33497	0.34435	0.35892	0.48417	0.44566	0.47863	0.47973	0.48084	0.38371	0.45394	0.46238
717	0.34284	0.40411	0.43803	0.47098	0.44364	0.38601	0.40272	0.40318	0.3922	0.26609	0.30446	0.26153	0.34005	0.34877	0.36226	0.48473	0.44617	0.47863	0.48029	0.48362	0.39183	0.45394	0.46238
718	0.34995	0.40551	0.44055	0.47315	0.44875	0.39446	0.40365	0.40365	0.39446	0.26915	0.30832	0.26424	0.34514	0.35318	0.36559	0.48529	0.44668	0.47863	0.48084	0.48641	0.39994	0.45394	0.46238
719	0.35609	0.40598	0.44362	0.47534	0.45239	0.40139	0.40458	0.40411	0.39628	0.27197	0.31155	0.28951	0.34916	0.35688	0.36814	0.48529	0.44771	0.47918	0.48084	0.48585	0.40697	0.45446	0.46291
720	0.36224	0.40644	0.44668	0.47753	0.45604	0.40832	0.40551	0.40458	0.39811	0.27479	0.31477	0.31477	0.35318	0.36058	0.37068	0.48529	0.44875	0.47973	0.48084	0.48529	0.414	0.45499	0.46345
721	0.36775	0.40738	0.44927	0.47974	0.45921	0.41501	0.40598	0.40504	0.39995	0.27638	0.31733	0.31956	0.35688	0.36351	0.37283	0.48529	0.44926	0.48029	0.48195	0.48585	0.4198	0.45499	0.46398
722	0.37325	0.40832	0.45186	0.48195	0.46238	0.4217	0.40644	0.40551	0.40179	0.27797	0.31989	0.32434	0.36058	0.36644	0.37497	0.48529	0.44978	0.48084	0.48306	0.48641	0.4256	0.45499	0.46452
723	0.37804	0.40879	0.45395	0.48306	0.4656	0.4276	0.40691	0.40598	0.40412	0.2799	0.32249	0.3266	0.36393	0.36941	0.37758	0.48529	0.4503	0.48084	0.48306	0.48697	0.43206	0.45499	0.46452
724	0.38282	0.40926	0.45604	0.48417	0.46881	0.43351	0.40738	0.40644	0.40644	0.28184	0.32509	0.32885	0.36728	0.37239	0.38019	0.48529	0.45082	0.48084	0.48306	0.48753	0.43853	0.45499	0.46452
725	0.38773	0.40973	0.45815	0.48641	0.47153	0.43958	0.40832	0.40738	0.40832	0.28347	0.32773	0.33114	0.37027	0.37498	0.38239	0.48585	0.45186	0.48139	0.48362	0.48865	0.44416	0.45551	0.46505
726	0.39264	0.4102	0.46026	0.48865	0.47424	0.44566	0.40926	0.40832	0.4102	0.2851	0.33037	0.33343	0.37325	0.37757	0.38459	0.48641	0.4529	0.48195	0.48417	0.48978	0.44978	0.45604	0.46559
727	0.39676	0.41068	0.46185	0.48978	0.47699	0.45085	0.40926	0.40879	0.41163	0.28675	0.33228	0.33536	0.37628	0.37976	0.38637	0.48641	0.45342	0.48195	0.48417	0.49034	0.45502	0.45604	0.46559
728	0.40087	0.41115	0.46345	0.49091	0.47973	0.45604	0.40926	0.40926	0.41305	0.2884	0.3342	0.33729	0.37931	0.38194	0.38815	0.48641	0.45394	0.48195	0.48417	0.49091	0.46026	0.45604	0.46559
729	0.40554	0.41162	0.46505	0.49261	0.48195	0.46081	0.41021	0.40973	0.41448	0.28974	0.33613	0.33924	0.38195	0.38371	0.3895	0.48697	0.45499	0.4825	0.48473	0.49147	0.46508	0.45604	0.46612
730	0.4102	0.4121	0.46666	0.49431	0.48417	0.46559	0.41115	0.4102	0.41591	0.29107	0.33806	0.34119	0.38459	0.38548	0.39084	0.48753	0.45604	0.48306	0.48529	0.49204	0.46989	0.45604	0.46666
731	0.41354	0.4121	0.46828	0.49488	0.48641	0.46991	0.41068	0.4102	0.41735	0.29208	0.33924	0.33693	0.38637	0.38726	0.3922	0.48753	0.45604	0.48306	0.48529	0.49261	0.47371	0.45604	0.46666
732	0.41687	0.4121	0.46989	0.49545	0.48865	0.47424	0.4102	0.4102	0.41879	0.29309	0.34041	0.33266	0.38815	0.38905	0.39355	0.48753	0.45604	0.48306	0.48529	0.49317	0.47753	0.45604	0.46666
733	0.41977	0.41257	0.47098	0.49659	0.48978	0.47699	0.41068	0.4102	0.41976	0.29411	0.34159	0.33228	0.38995	0.39039	0.39446	0.48809	0.45709	0.48362	0.48641	0.49374	0.48085	0.45656	0.4672
734	0.42267	0.41305	0.47206	0.49774	0.49091	0.47973	0.41115	0.4102	0.42073	0.29512	0.34277	0.33189	0.39174	0.39174	0.39537	0.48865	0.45814	0.48417	0.48753	0.49431	0.48417	0.45709	0.46774
735	0.42462	0.41305	0.47261	0.49831	0.49261	0.48251	0.41162	0.41068	0.4217	0.2958	0.34396	0.33266	0.3931	0.3931	0.39674	0.48865	0.45867	0.48473	0.48697	0.49488	0.48698	0.45709	0.46774
736	0.42658	0.41305	0.47315	0.49888	0.49431	0.48529	0.4121	0.41115	0.42267	0.29648	0.34514	0.33343	0.39446	0.39446	0.39811	0.48865	0.4592	0.48529	0.48641	0.49545	0.48978	0.45709	0.46774
737	0.42855	0.41305	0.47424	0.49946	0.49545	0.4881	0.41257	0.41115	0.42413	0.29924	0.34835	0.33653	0.39766	0.39766	0.40041	0.48865	0.4592	0.48473	0.48697	0.49545	0.49204	0.45709	0.46827
738	0.43053	0.41305	0.47534	0.50003	0.49659	0.49091	0.41305	0.41115	0.4256	0.302	0.35156	0.33963	0.40087	0.40087	0.40272	0.48865	0.4592	0.48417	0.48753	0.49545	0.49431	0.45709	0.46881
739	0.43202	0.414	0.47588	0.50061	0.49774	0.49318	0.41352	0.4121	0.42658	0.30623	0.35483	0.34318	0.40319	0.40366	0.40505	0.48922	0.46026	0.48529	0.48809	0.49659	0.49717	0.45762	0.46935
740	0.43351	0.41495	0.47643	0.50119	0.49888	0.49545	0.414	0.41305	0.42756	0.31046	0.3581	0.34674	0.40551	0.40644	0.40738	0.48978	0.46132	0.48641	0.48865	0.49774	0.50003	0.45814	0.46989
741	0.43552	0.41495	0.47753	0.50176	0.50004	0.49717	0.41352	0.41305	0.42855	0.31407	0.36101	0.34996	0.40738	0.4088	0.40926	0.49034	0.46185	0.48641	0.48922	0.49831	0.50177	0.45814	0.46989
742	0.43752	0.41495	0.47863	0.50234	0.50119	0.49888	0.41305	0.41305	0.42954	0.31769	0.36392	0.35318	0.40926	0.41115	0.41115	0.49091	0.46238	0.48641	0.48978	0.49888	0.5035	0.45814	0.46989
743	0.43904	0.41495	0.47918	0.50292	0.50234	0.50061	0.41352	0.41352	0.43053	0.32027	0.3656	0.35482	0.40973	0.41257	0.4121	0.49147	0.46345	0.48697	0.49034	0.50004	0.50525	0.45867	0.47044
744	0.44055	0.41495	0.47973	0.5035	0.5035	0.50234	0.414	0.414	0.43152	0.32285	0.36728	0.35645	0.4102	0.414	0.41305	0.49204	0.46452	0.48753	0.49091	0.50119	0.50699	0.4592	0.47098
745	0.44106	0.41495	0.48029	0.5035	0.5035	0.50408	0.414	0.414	0.43202	0.32248	0.36644	0.35563	0.40973	0.41305	0.4121	0.49204	0.46505	0.48753	0.49091	0.50119	0.50816	0.4592	0.47098
746	0.44157	0.41495	0.48084	0.5035	0.5035	0.50582	0.414	0.414	0.43251	0.32211	0.36559	0.35481	0.40926	0.4121	0.41115	0.49204	0.46559	0.48753	0.49091	0.50119	0.50933	0.4592	0.47098
747	0.44259	0.41495	0.48084	0.50408	0.50408	0.50699	0.41352	0.414	0.43301	0.32026	0.36434	0.35359	0.40926	0.41115	0.41021	0.49204	0.46559	0.48809	0.49091	0.50176	0.51051	0.45973	0.47098
748	0.44361	0.41495	0.48084	0.50466	0.50466	0.50816	0.41305	0.414	0.43351	0.31842	0.36308	0.35237	0.40926	0.4102	0.40926	0.49204	0.46559	0.48865	0.49091	0.50234	0.51168	0.46026	0.47098
749	0.44463	0.41495	0.48139	0.50466	0.50583	0.50933	0.414	0.41448	0.43451	0.3166	0.36224	0.35076	0.40832	0.40926	0.40879	0.49261	0.46666	0.48865	0.49147	0.50292	0.51286	0.46026	0.47152
750	0.44566	0.41495	0.48195	0.50466	0.50699	0.5105	0.41495	0.41495	0.43551	0.31477	0.36141	0.34914	0.40738	0.40832	0.40832	0.49317	0.46774	0.48865	0.49204	0.5035	0.51404	0.46026	0.47206
751	0.44566	0.41495	0.48195	0.50524	0.50758	0.51109	0.41495	0.41543	0.43601	0.31333	0.36058	0.34834	0.40785	0.40785	0.40785	0.49317	0.46774	0.48865	0.49147	0.5035	0.51464	0.46026	0.47206
752	0.44566	0.41495	0.48195	0.50582	0.50816	0.51168	0.41495	0.41591	0.43652	0.31189	0.35975	0.34754	0.40832	0.40738	0.40738	0.49317	0.46774	0.48865	0.49091	0.5035	0.51523	0.46026	0.47206
753	0.44617	0.41543	0.4825	0.50582	0.50875	0.51227	0.41543	0.41639	0.43702	0.31046	0.35892	0.34634	0.40785	0.40691	0.40691	0.49374	0.46881	0.48922	0.49147	0.50466	0.51642	0.46026	0.47206
754	0.44668	0.41591	0.48306	0.50582	0.50933	0.51286	0.41591	0.41687	0.43752	0.30903	0.3581	0.34514	0.40738	0.40644	0.40644	0.49431	0.46989	0.48978	0.49204	0.50582	0.51761	0.46026	0.47206
755	0.4472	0.41591	0.48306	0.50641	0.50933	0.51405	0.41591	0.41687	0.43803	0.30797	0.35727	0.34475	0.40691	0.40598	0.40644	0.49431	0.46989	0.48978	0.49261	0.50582	0.51761	0.46026	0.47261
756	0.44771	0.41591	0.48306	0.50699	0.50933	0.51523	0.41591	0.41687	0.43853	0.3069	0.35645	0.34435	0.40644	0.40551	0.40644	0.49431	0.46989	0.48978	0.49317	0.50582	0.51761	0.46026	0.47315
757	0.44771	0.41591	0.48306	0.50699	0.50933	0.51582	0.41591	0.41687	0.43954	0.30655	0.35645	0.34395	0.40691	0.40598	0.40644	0.49431	0.47044	0.48978	0.49317	0.50641	0.5182	0.46079	0.47315
758	0.44771	0.41591	0.48306	0.50699	0.50933	0.51642	0.41591	0.41687	0.44055	0.3062	0.35645	0.34356	0.40738	0.40644	0.40644	0.49431	0.47098	0.48978	0.49317	0.50699	0.5188	0.46132	0.47315
759	0.44823	0.41591	0.48362	0.50758	0.50992	0.51701	0.41591	0.41783	0.44055	0.30549	0.35604	0.34316	0.40738	0.40644	0.40644	0.49488	0.47152	0.49034	0.49374	0.50699	0.5194	0.46132	0.47315
760	0.44875	0.41591	0.48417	0.50816	0.5105	0.51761	0.41591	0.41879	0.44055	0.30479	0.35563	0.34277	0.40738	0.40644	0.40644	0.49545	0.47206	0.49091	0.49431	0.50699	0.52	0.46132	0.47315
761	0.44926	0.41639	0.48473	0.50816	0.51109	0.5182	0.41639	0.41879	0.44157	0.30444	0.35604	0.34277	0.40738	0.40598	0.40644	0.49602	0.47206	0.49091	0.49431	0.50699	0.5206	0.46185	0.4737
762	0.44978	0.41687	0.48529	0.50816	0.51168	0.5188	0.41687	0.41879	0.44259	0.30409	0.35645	0.34277	0.40738	0.40551	0.40644	0.49659	0.47206	0.49091	0.49431	0.50699	0.52119	0.46238	0.47424
763	0.44978	0.41639	0.48529	0.50816	0.51227	0.5194	0.41687	0.41879	0.44259	0.30374	0.35604	0.34237	0.40785	0.40551	0.40644	0.49659	0.47315	0.49091	0.49431	0.50699	0.52119	0.46185	0.47424
764	0.44978	0.41591	0.48529	0.50816	0.51286	0.52	0.41687	0.41879	0.44259	0.30339	0.35563	0.34198	0.40832	0.40551	0.40644	0.49659	0.47424	0.49091	0.49431	0.50699	0.52119	0.46132	0.47424
765	0.4503	0.41639	0.48585	0.50875	0.51286	0.5206	0.41639	0.41928	0.4431	0.30339	0.35522	0.34198	0.40832	0.40551	0.40644	0.49659	0.47479	0.49147	0.49431	0.50875	0.5218	0.46185	0.47424
766	0.45082	0.41687	0.48641	0.50933	0.51286	0.52119	0.41591	0.41976	0.44361	0.30339	0.35481	0.34198	0.40832	0.40551	0.40644	0.49659	0.47534	0.49204	0.49431	0.5105	0.5224	0.46238	0.47424
767	0.4503	0.41639	0.48641	0.50933	0.51345	0.52119	0.41639	0.41976	0.44463	0.30304	0.35522	0.34198	0.40832	0.40551	0.40644	0.49716	0.47534	0.49204	0.49488	0.5105	0.5224	0.46238	0.47479
768	0.44978	0.41591	0.48641	0.50933	0.51404	0.52119	0.41687	0.41976	0.44566	0.30269	0.35563	0.34198	0.40832	0.40551	0.40644	0.49774	0.47534	0.49204	0.49545	0.5105	0.5224	0.46238	0.47534
769	0.4503	0.41639	0.48641	0.50933	0.51464	0.52119	0.41735	0.41976	0.44617	0.30269	0.35563	0.34198	0.40832	0.40551	0.40644	0.49774	0.47588	0.49261	0.49545	0.51109	0.523	0.46291	0.47588
770	0.45082	0.41687	0.48641	0.50933	0.51523	0.52119	0.41783	0.41976	0.44668	0.30269	0.35563	0.34198	0.40832	0.40551	0.40644	0.49774	0.47643	0.49317	0.49545	0.51168	0.5236	0.46345	0.47643
771	0.45082	0.41687	0.48641	0.50992	0.51464	0.5218	0.41735	0.42024	0.44668	0.30269	0.35522	0.34198	0.40832	0.40551	0.40644	0.49774	0.47643	0.49317	0.49545	0.51168	0.5242	0.46345	0.47643
772	0.45082	0.41687	0.48641	0.5105	0.51404	0.5224	0.41687	0.42073	0.44668	0.30269	0.35481	0.34198	0.40832	0.40551	0.40644	0.49774	0.47643	0.49317	0.49545	0.51168	0.52481	0.46345	0.47643
773	0.45082	0.41687	0.48641	0.50992	0.51464	0.5224	0.41735	0.42121	0.4472	0.30269	0.35522	0.34198	0.40926	0.40551	0.40644	0.49831	0.47698	0.49317	0.49545	0.51227	0.52481	0.46398	0.47643
774	0.45082	0.41687	0.48641	0.50933	0.51523	0.5224	0.41783	0.4217	0.44771	0.30269	0.35563	0.34198	0.4102	0.40551	0.40644	0.49888	0.47753	0.49317	0.49545	0.51286	0.52481	0.46452	0.47643
775	0.45082	0.41687	0.48641	0.50992	0.51523	0.523	0.41831	0.4217	0.44875	0.30304	0.35563	0.34198	0.40973	0.40598	0.40738	0.49888	0.47808	0.49374	0.49602	0.51286	0.52481	0.46398	0.47643
776	0.45082	0.41687	0.48641	0.5105	0.51523	0.5236	0.41879	0.4217	0.44978	0.30339	0.35563	0.34198	0.40926	0.40644	0.40832	0.49888	0.47863	0.49431	0.49659	0.51286	0.52481	0.46345	0.47643
777	0.45082	0.41639	0.48641	0.5105	0.51523	0.5236	0.41879	0.42218	0.44926	0.30339	0.35604	0.34198	0.40973	0.40598	0.40785	0.49946	0.47918	0.49431	0.49716	0.51345	0.52541	0.46398	0.47698
778	0.45082	0.41591	0.48641	0.5105	0.51523	0.5236	0.41879	0.42267	0.44875	0.30339	0.35645	0.34198	0.4102	0.40551	0.40738	0.50003	0.47973	0.49431	0.49774	0.51404	0.52602	0.46452	0.47753
779	0.45082	0.41639	0.48697	0.5105	0.51523	0.5242	0.41879	0.42267	0.44978	0.30339	0.35645	0.34277	0.4102	0.40644	0.40738	0.50061	0.48029	0.49488	0.49774	0.51404	0.52662	0.46505	0.47808
780	0.45082	0.41687	0.48753	0.5105	0.51523	0.52481	0.41879	0.42267	0.45082	0.30339	0.35645	0.34356	0.4102	0.40738	0.40738	0.50119	0.48084	0.49545	0.49774	0.51404	0.52723	0.46559	0.47863
781	0.45134	0.41687	0.48753	0.51109	0.51582	0.52481	0.41928	0.42316	0.45134	0.30339	0.35645	0.34356	0.4102	0.40691	0.40785	0.50119	0.48084	0.49545	0.49774	0.51464	0.52662	0.46559	0.47863
782	0.45186	0.41687	0.48753	0.51168	0.51642	0.52481	0.41976	0.42364	0.45186	0.30339	0.35645	0.34356	0.4102	0.40644	0.40832	0.50119	0.48084	0.49545	0.49774	0.51523	0.52602	0.46559	0.47863
783	0.45134	0.41687	0.48809	0.51168	0.51642	0.52481	0.41928	0.42364	0.45186	0.30374	0.35686	0.34316	0.4102	0.40644	0.40832	0.50119	0.48139	0.49545	0.49831	0.51523	0.52662	0.46559	0.47863
784	0.45082	0.41687	0.48865	0.51168	0.51642	0.52481	0.41879	0.42364	0.45186	0.30409	0.35727	0.34277	0.4102	0.40644	0.40832	0.50119	0.48195	0.49545	0.49888	0.51523	0.52723	0.46559	0.47863
785	0.45082	0.41687	0.48809	0.51168	0.51701	0.52541	0.41928	0.42413	0.45238	0.30479	0.35727	0.34316	0.41068	0.40691	0.40879	0.50176	0.4825	0.49602	0.49888	0.51582	0.52723	0.46559	0.47918
786	0.45082	0.41687	0.48753	0.51168	0.51761	0.52602	0.41976	0.42462	0.4529	0.30549	0.35727	0.34356	0.41115	0.40738	0.40926	0.50234	0.48306	0.49659	0.49888	0.51642	0.52723	0.46559	0.47973
787	0.45082	0.41687	0.48753	0.51168	0.51761	0.52602	0.41928	0.42511	0.45342	0.30549	0.35727	0.34395	0.41068	0.40738	0.40879	0.50234	0.48306	0.49659	0.49888	0.51642	0.52723	0.46612	0.47973
788	0.45082	0.41687	0.48753	0.51168	0.51761	0.52602	0.41879	0.4256	0.45394	0.30549	0.35727	0.34435	0.4102	0.40738	0.40832	0.50234	0.48306	0.49659	0.49888	0.51642	0.52723	0.46666	0.47973
789	0.45134	0.41687	0.48809	0.51168	0.51761	0.52662	0.41976	0.42511	0.45394	0.30549	0.35727	0.34514	0.41068	0.40832	0.40879	0.50234	0.48362	0.49659	0.49946	0.51642	0.52784	0.46666	0.47973
790	0.45186	0.41687	0.48865	0.51168	0.51761	0.52723	0.42073	0.42462	0.45394	0.30549	0.35727	0.34594	0.41115	0.40926	0.40926	0.50234	0.48417	0.49659	0.50003	0.51642	0.52845	0.46666	0.47973
791	0.45134	0.41639	0.48865	0.51168	0.51761	0.52723	0.42073	0.42511	0.45446	0.30584	0.35768	0.34554	0.41115	0.40926	0.40926	0.50292	0.48473	0.49716	0.50003	0.51582	0.52845	0.4672	0.48029
792	0.45082	0.41591	0.48865	0.51168	0.51761	0.52723	0.42073	0.4256	0.45499	0.3062	0.3581	0.34514	0.41115	0.40926	0.40926	0.5035	0.48529	0.49774	0.50003	0.51523	0.52845	0.46774	0.48084
793	0.45134	0.41639	0.48865	0.51227	0.51761	0.52723	0.42024	0.42609	0.45551	0.30584	0.3581	0.34554	0.41162	0.40926	0.40973	0.5035	0.48585	0.49774	0.50003	0.51523	0.52845	0.46774	0.48084
794	0.45186	0.41687	0.48865	0.51286	0.51761	0.52723	0.41976	0.42658	0.45604	0.30549	0.3581	0.34594	0.4121	0.40926	0.4102	0.5035	0.48641	0.49774	0.50003	0.51523	0.52845	0.46774	0.48084
795	0.45186	0.41735	0.48809	0.51227	0.51761	0.52662	0.42024	0.42658	0.45656	0.30549	0.3581	0.34594	0.4121	0.40926	0.4102	0.5035	0.48641	0.49774	0.50003	0.51582	0.52905	0.46774	0.48139
796	0.45186	0.41783	0.48753	0.51168	0.51761	0.52602	0.42073	0.42658	0.45709	0.30549	0.3581	0.34594	0.4121	0.40926	0.4102	0.5035	0.48641	0.49774	0.50003	0.51642	0.52966	0.46774	0.48195
