436	0.011217	0.13207	0.010071	0.0064227	0.00032018	0.0016	0.1036	0.067761	0.013776	0.04048	0.013797	0.015652	0.033113	0.012303	0.011948	0.059555	0.087221	0.070134	0.038905	0.026514	0.0033605	0.088538	0.097583
437	0.011295	0.13299	0.01013	0.0065051	0.00028814	0.0015764	0.10432	0.068871	0.013855	0.040761	0.013909	0.015852	0.033264	0.012578	0.012073	0.060673	0.088857	0.070786	0.039635	0.026854	0.00351	0.089569	0.098605
438	0.011373	0.13391	0.010188	0.0065875	0.00025609	0.0015528	0.10504	0.06998	0.013935	0.041043	0.014021	0.016053	0.033415	0.012853	0.012198	0.06179	0.090494	0.071438	0.040365	0.027194	0.0036594	0.0906	0.099626
439	0.0116	0.13484	0.010271	0.006618	0.00035627	0.0016297	0.1059	0.070631	0.014114	0.041328	0.014218	0.016183	0.03376	0.012988	0.012341	0.062729	0.092084	0.072019	0.040272	0.027415	0.0035851	0.091976	0.10044
440	0.011827	0.13577	0.010354	0.0066485	0.00045645	0.0017066	0.10675	0.071282	0.014292	0.041614	0.014414	0.016314	0.034104	0.013122	0.012483	0.063668	0.093674	0.072599	0.040179	0.027636	0.0035108	0.093353	0.10124
441	0.01212	0.13703	0.01045	0.0066485	0.00044618	0.0016682	0.10749	0.072112	0.014459	0.042098	0.014633	0.016446	0.034496	0.013306	0.012584	0.065015	0.095097	0.073104	0.041517	0.027764	0.0034164	0.09433	0.10195
442	0.012413	0.13829	0.010546	0.0066485	0.00043591	0.0016298	0.10823	0.072942	0.014625	0.042583	0.014852	0.016579	0.034887	0.01349	0.012685	0.066362	0.09652	0.073609	0.042855	0.027891	0.0033221	0.095308	0.10265
443	0.012826	0.13942	0.010669	0.0066561	0.00048425	0.0016545	0.10911	0.073449	0.014779	0.043079	0.015025	0.016772	0.035368	0.013727	0.012818	0.067291	0.098216	0.074035	0.043304	0.028085	0.0036719	0.09653	0.10361
444	0.01324	0.14054	0.010792	0.0066638	0.00053259	0.0016793	0.10999	0.073957	0.014932	0.043575	0.015198	0.016965	0.03585	0.013964	0.012951	0.068221	0.099912	0.074461	0.043752	0.028279	0.0040217	0.097752	0.10456
445	0.013762	0.14201	0.01093	0.006765	0.00055494	0.001664	0.1105	0.074644	0.015212	0.044237	0.015447	0.017263	0.036428	0.014226	0.013163	0.06942	0.10143	0.074979	0.043552	0.028476	0.0039895	0.098547	0.10517
446	0.014285	0.14348	0.011069	0.0068663	0.00057729	0.0016486	0.11101	0.075332	0.015492	0.044899	0.015696	0.017561	0.037006	0.014488	0.013375	0.070619	0.10295	0.075497	0.043351	0.028673	0.0039574	0.099341	0.10577
447	0.014761	0.14516	0.011237	0.0068821	0.00063889	0.0016659	0.11191	0.076032	0.015691	0.045634	0.01599	0.017766	0.03756	0.01476	0.013563	0.071859	0.10451	0.075934	0.044741	0.028772	0.0042981	0.10038	0.10663
448	0.015236	0.14683	0.011405	0.006898	0.00070048	0.0016832	0.11281	0.076732	0.015889	0.04637	0.016285	0.01797	0.038114	0.015032	0.01375	0.0731	0.10608	0.076371	0.046132	0.028872	0.0046388	0.10142	0.10749
449	0.015952	0.14854	0.011605	0.0070109	0.00076555	0.0017008	0.11386	0.077445	0.016283	0.04713	0.016591	0.018308	0.038863	0.015386	0.013975	0.074124	0.10769	0.076992	0.046669	0.028838	0.0047038	0.10248	0.10799
450	0.016668	0.15025	0.011806	0.0071239	0.00083061	0.0017184	0.11491	0.078159	0.016677	0.047889	0.016896	0.018645	0.039612	0.01574	0.014201	0.075148	0.1093	0.077612	0.047206	0.028805	0.0047688	0.10354	0.10849
451	0.017182	0.15217	0.012013	0.0072491	0.00087173	0.0017486	0.11584	0.079161	0.01699	0.048731	0.017274	0.018972	0.040437	0.016092	0.014484	0.076648	0.11122	0.078152	0.046458	0.029006	0.0050049	0.10475	0.10937
452	0.017696	0.1541	0.012221	0.0073743	0.00091284	0.0017788	0.11678	0.080164	0.017302	0.049572	0.017652	0.0193	0.041263	0.016444	0.014767	0.078148	0.11314	0.078692	0.045709	0.029206	0.0052409	0.10596	0.11025
453	0.018264	0.15608	0.012523	0.0074428	0.0010404	0.0018315	0.11828	0.081381	0.017731	0.050443	0.017962	0.019616	0.042171	0.016812	0.015062	0.079708	0.11486	0.079424	0.046731	0.029409	0.0054026	0.10744	0.11114
454	0.018831	0.15805	0.012826	0.0075114	0.0011679	0.0018842	0.11977	0.082599	0.01816	0.051314	0.018272	0.019932	0.04308	0.017179	0.015357	0.081268	0.11658	0.080155	0.047753	0.029612	0.0055643	0.10893	0.11204
455	0.019252	0.16027	0.013021	0.0077707	0.0012242	0.0019039	0.12131	0.084051	0.0185	0.052338	0.018725	0.020426	0.043978	0.017584	0.015645	0.083577	0.11849	0.081089	0.04952	0.029749	0.0059109	0.11071	0.11321
456	0.019673	0.16248	0.013216	0.0080301	0.0012806	0.0019236	0.12285	0.085502	0.018841	0.053363	0.019177	0.02092	0.044875	0.017989	0.015933	0.085885	0.1204	0.082022	0.051286	0.029886	0.0062576	0.11249	0.11439
457	0.020043	0.16495	0.013559	0.0081712	0.0013925	0.0019597	0.125	0.087414	0.019285	0.054237	0.019491	0.021312	0.045863	0.018326	0.01629	0.088117	0.12266	0.082689	0.050245	0.030234	0.0062866	0.11447	0.11572
458	0.020412	0.16742	0.013902	0.0083123	0.0015045	0.0019958	0.12716	0.089326	0.019729	0.055111	0.019806	0.021705	0.046852	0.018664	0.016646	0.090348	0.12492	0.083355	0.049204	0.030582	0.0063155	0.11645	0.11705
459	0.020625	0.16957	0.014213	0.0085993	0.001614	0.0020309	0.1291	0.091109	0.020099	0.056014	0.02013	0.02206	0.047662	0.019014	0.016958	0.092586	0.12696	0.084228	0.050903	0.030759	0.006434	0.11849	0.11855
460	0.020839	0.17171	0.014524	0.0088863	0.0017234	0.002066	0.13103	0.092892	0.02047	0.056916	0.020454	0.022416	0.048473	0.019364	0.017271	0.094824	0.12901	0.0851	0.052602	0.030937	0.0065525	0.12054	0.12005
461	0.020984	0.17392	0.014762	0.0091064	0.0018175	0.0020755	0.13333	0.095081	0.020854	0.057916	0.020789	0.022837	0.049426	0.019705	0.017636	0.097173	0.13082	0.085991	0.053778	0.031333	0.0066211	0.12266	0.12131
462	0.021129	0.17612	0.015	0.0093265	0.0019116	0.0020851	0.13563	0.09727	0.021238	0.058916	0.021125	0.023257	0.050378	0.020045	0.018001	0.099522	0.13262	0.086882	0.054954	0.03173	0.0066897	0.12478	0.12257
463	0.021227	0.17796	0.015317	0.0095015	0.0020087	0.0021143	0.13769	0.099211	0.02156	0.059812	0.02142	0.023555	0.051073	0.020326	0.018339	0.10187	0.13448	0.087792	0.054329	0.031988	0.0067052	0.12697	0.12428
464	0.021325	0.17981	0.015635	0.0096766	0.0021057	0.0021435	0.13975	0.10115	0.021883	0.060707	0.021716	0.023854	0.051768	0.020607	0.018677	0.10421	0.13634	0.088702	0.053703	0.032246	0.0067206	0.12916	0.126
465	0.021498	0.1819	0.015854	0.0099162	0.002226	0.0021992	0.14188	0.10329	0.022294	0.061485	0.021969	0.024244	0.052604	0.020871	0.018894	0.10642	0.13809	0.089319	0.055624	0.032395	0.0067052	0.13128	0.12762
466	0.021671	0.18399	0.016073	0.010156	0.0023464	0.0022549	0.144	0.10543	0.022704	0.062264	0.022222	0.024635	0.053439	0.021135	0.019112	0.10862	0.13984	0.089935	0.057544	0.032544	0.0066897	0.13339	0.12923
467	0.021771	0.1857	0.01626	0.010359	0.002413	0.0022191	0.14602	0.10716	0.022942	0.063063	0.022481	0.024893	0.054052	0.021332	0.019357	0.11066	0.14179	0.090666	0.05761	0.032732	0.0068073	0.13542	0.13074
468	0.021872	0.18741	0.016447	0.010561	0.0024797	0.0021834	0.14803	0.10889	0.02318	0.063861	0.02274	0.025151	0.054665	0.021528	0.019602	0.1127	0.14375	0.091397	0.057677	0.032921	0.0069248	0.13744	0.13224
469	0.022024	0.1885	0.016581	0.010561	0.0025292	0.0022191	0.14976	0.11093	0.023341	0.06453	0.022792	0.025238	0.055165	0.021653	0.019784	0.11454	0.1456	0.091926	0.056698	0.033073	0.0069328	0.13937	0.13363
470	0.022176	0.18958	0.016714	0.010561	0.0025787	0.0022549	0.15148	0.11297	0.023502	0.065198	0.022845	0.025325	0.055666	0.021777	0.019967	0.11639	0.14744	0.092455	0.055719	0.033226	0.0069408	0.1413	0.13501
471	0.022227	0.19046	0.016619	0.010525	0.0025996	0.0022601	0.15254	0.11389	0.023529	0.0655	0.022819	0.025384	0.055792	0.021828	0.020036	0.11775	0.14916	0.092669	0.056898	0.033149	0.0069328	0.14294	0.13643
472	0.022278	0.19134	0.016523	0.010489	0.0026206	0.0022653	0.15359	0.11481	0.023556	0.065802	0.022792	0.025442	0.055919	0.021878	0.020105	0.1191	0.15088	0.092882	0.058076	0.033073	0.0069248	0.14459	0.13784
473	0.022459	0.192	0.016372	0.010405	0.0025247	0.0022268	0.1543	0.11521	0.023422	0.065953	0.022766	0.025326	0.055983	0.021828	0.020036	0.12035	0.15281	0.093096	0.058076	0.033035	0.006815	0.14576	0.13896
474	0.02264	0.19267	0.016222	0.010321	0.0024288	0.0021884	0.15501	0.11561	0.023287	0.066105	0.02274	0.025209	0.056046	0.021777	0.019967	0.1216	0.15475	0.093311	0.058076	0.032997	0.0067052	0.14694	0.14008
475	0.022771	0.19267	0.016	0.010123	0.002393	0.0021884	0.15483	0.11534	0.023207	0.065953	0.022636	0.025008	0.055856	0.021702	0.019875	0.1223	0.15655	0.093311	0.056201	0.03277	0.0068875	0.14762	0.14056
476	0.022902	0.19267	0.015779	0.0099248	0.0023572	0.0021884	0.15465	0.11507	0.023126	0.065802	0.022531	0.024806	0.055666	0.021627	0.019784	0.123	0.15835	0.093311	0.054325	0.032544	0.0070698	0.1483	0.14105
477	0.023088	0.19267	0.015618	0.0098342	0.0023016	0.0021488	0.15412	0.11494	0.022968	0.065726	0.022402	0.024664	0.055603	0.021528	0.01967	0.12372	0.15982	0.093203	0.055671	0.032284	0.0070213	0.14881	0.14154
478	0.023274	0.19267	0.015456	0.0097436	0.0022459	0.0021092	0.15359	0.11481	0.022809	0.06565	0.022273	0.024522	0.05554	0.021429	0.019557	0.12443	0.16129	0.093096	0.057016	0.032024	0.0069728	0.14932	0.14203
479	0.023382	0.19311	0.01535	0.0096218	0.002228	0.0021338	0.15341	0.11441	0.022679	0.065726	0.022222	0.024326	0.055603	0.02138	0.01949	0.12515	0.16298	0.092882	0.055236	0.031695	0.007087	0.15019	0.14219
480	0.02349	0.19355	0.015244	0.0094999	0.00221	0.0021584	0.15324	0.11402	0.022548	0.065802	0.022171	0.02413	0.055666	0.021331	0.019423	0.12587	0.16467	0.092668	0.053456	0.031367	0.0072013	0.15105	0.14236
481	0.023708	0.19423	0.015122	0.0094025	0.0021974	0.0021145	0.15324	0.11428	0.022496	0.06603	0.02212	0.02413	0.055792	0.021282	0.0194	0.12719	0.1664	0.092562	0.054142	0.031116	0.0072096	0.15158	0.14236
482	0.023926	0.1949	0.015	0.0093051	0.0021847	0.0020707	0.15324	0.11455	0.022444	0.066258	0.022069	0.02413	0.055919	0.021233	0.019378	0.1285	0.16812	0.092455	0.054828	0.030865	0.0072179	0.1521	0.14236
483	0.024121	0.1958	0.015069	0.0093698	0.0022231	0.002122	0.15377	0.11494	0.022444	0.066641	0.022146	0.02413	0.056366	0.02143	0.01949	0.13	0.16949	0.092349	0.054204	0.030549	0.007285	0.15298	0.14252
484	0.024315	0.1967	0.015139	0.0094345	0.0022615	0.0021733	0.1543	0.11534	0.022444	0.067025	0.022222	0.02413	0.056814	0.021627	0.019602	0.1315	0.17085	0.092243	0.05358	0.030232	0.0073521	0.15386	0.14268
485	0.024801	0.19899	0.015244	0.0095555	0.0023508	0.002151	0.15573	0.11668	0.022574	0.067964	0.022455	0.024383	0.05773	0.021879	0.019807	0.13365	0.17264	0.091925	0.054015	0.029922	0.007369	0.15547	0.14301
486	0.025286	0.20128	0.015349	0.0096766	0.00244	0.0021287	0.15717	0.11803	0.022704	0.068903	0.022688	0.024635	0.058647	0.022131	0.020013	0.13581	0.17443	0.091608	0.05445	0.029612	0.007386	0.15708	0.14334
487	0.025882	0.20386	0.015564	0.0098581	0.00248	0.0021687	0.15937	0.11996	0.022942	0.070278	0.023086	0.025097	0.060077	0.022626	0.020388	0.13868	0.17605	0.091608	0.053769	0.029342	0.0075334	0.15873	0.14367
488	0.026478	0.20644	0.015779	0.01004	0.00252	0.0022086	0.16157	0.12189	0.02318	0.071653	0.023485	0.02556	0.061508	0.023121	0.020764	0.14155	0.17767	0.091608	0.053088	0.029072	0.0076808	0.16037	0.144
489	0.027392	0.21007	0.01617	0.010362	0.00271	0.0014934	0.1648	0.12506	0.023587	0.073689	0.024123	0.026193	0.063376	0.023778	0.02143	0.14472	0.17932	0.091608	0.052484	0.028708	0.007825	0.16262	0.14434
490	0.028306	0.2137	0.016561	0.010684	0.0029	0.00077826	0.16802	0.12823	0.023994	0.075725	0.024762	0.026826	0.065244	0.024435	0.022096	0.14788	0.18098	0.091608	0.05188	0.028345	0.0079691	0.16486	0.14467
491	0.029353	0.21797	0.017012	0.011013	0.0030769	0.00083386	0.17158	0.13171	0.024416	0.078153	0.025466	0.027588	0.067541	0.025308	0.022777	0.15119	0.18245	0.091502	0.051642	0.028022	0.0082442	0.16737	0.14534
492	0.0304	0.22223	0.017462	0.011343	0.0032538	0.00088946	0.17513	0.1352	0.024838	0.080582	0.026169	0.02835	0.069837	0.026182	0.023459	0.1545	0.18392	0.091397	0.051404	0.027699	0.0085194	0.16987	0.14601
493	0.03179	0.22693	0.017979	0.011791	0.0035384	0.00097207	0.17968	0.14003	0.025393	0.083563	0.027137	0.029329	0.072636	0.027216	0.024385	0.15777	0.1852	0.091397	0.05111	0.027541	0.0086997	0.17266	0.14702
494	0.03318	0.23163	0.018497	0.012238	0.0038229	0.0010547	0.18423	0.14487	0.025948	0.086544	0.028105	0.030308	0.075436	0.028249	0.025311	0.16103	0.18647	0.091397	0.050816	0.027382	0.0088799	0.17544	0.14804
495	0.034781	0.23626	0.01909	0.012661	0.0041163	0.00076399	0.18902	0.14934	0.026528	0.08996	0.029076	0.031429	0.078551	0.029329	0.02631	0.16464	0.18799	0.091397	0.05001	0.027163	0.0091865	0.17831	0.14855
496	0.036381	0.24088	0.019683	0.013083	0.0044096	0.00047329	0.1938	0.15381	0.027109	0.093376	0.030046	0.03255	0.081667	0.030409	0.027309	0.16824	0.1895	0.091397	0.049204	0.026945	0.0094931	0.18119	0.14906
497	0.038414	0.24627	0.020266	0.013632	0.0047188	0.00031464	0.1986	0.15893	0.027682	0.097528	0.031344	0.033795	0.085646	0.031838	0.028558	0.172	0.1906	0.091292	0.049489	0.026638	0.0098443	0.18416	0.15028
498	0.040446	0.25165	0.020849	0.014181	0.005028	0.000156	0.20341	0.16405	0.028256	0.10168	0.032643	0.035039	0.089624	0.033266	0.029806	0.17576	0.1917	0.091187	0.049774	0.026331	0.010196	0.18712	0.15149
499	0.042966	0.25698	0.021621	0.01483	0.0054272	0.00021138	0.20918	0.17012	0.028888	0.10671	0.034176	0.036641	0.09399	0.03504	0.031357	0.17969	0.19326	0.091187	0.049546	0.026151	0.010548	0.19063	0.15236
500	0.045486	0.2623	0.022392	0.015478	0.0058264	0.00026676	0.21496	0.17619	0.029519	0.11175	0.03571	0.038243	0.098356	0.036813	0.032908	0.18362	0.19481	0.091187	0.049317	0.02597	0.0109	0.19415	0.15324
501	0.048916	0.26912	0.023248	0.016323	0.0062967	0.00038989	0.22186	0.18314	0.030322	0.11828	0.037614	0.040234	0.10426	0.038917	0.034789	0.18773	0.19594	0.091187	0.049261	0.025733	0.01133	0.19802	0.15431
502	0.052345	0.27593	0.024104	0.017168	0.006767	0.00051301	0.22875	0.1901	0.031125	0.12481	0.039517	0.042224	0.11016	0.041021	0.03667	0.19183	0.19707	0.091187	0.049204	0.025496	0.01176	0.2019	0.15537
503	0.056292	0.2831	0.025116	0.018127	0.0073133	0.00078264	0.23581	0.1969	0.031934	0.13226	0.041877	0.044475	0.11705	0.04363	0.039049	0.19635	0.19821	0.091082	0.048533	0.025292	0.012239	0.20593	0.15682
504	0.060239	0.29027	0.026127	0.019086	0.0078595	0.0010523	0.24286	0.20369	0.032742	0.13971	0.044237	0.046726	0.12395	0.046239	0.041429	0.20087	0.19935	0.090977	0.047863	0.025088	0.012718	0.20996	0.15826
505	0.065102	0.29781	0.027355	0.020153	0.0086111	0.0013467	0.25065	0.21275	0.033672	0.14842	0.046822	0.049217	0.13138	0.049179	0.04401	0.20512	0.20051	0.090872	0.04814	0.024746	0.013347	0.21415	0.15936
506	0.069965	0.30535	0.028582	0.021219	0.0093626	0.0016411	0.25844	0.22181	0.034603	0.15712	0.049407	0.051708	0.13882	0.05212	0.046591	0.20937	0.20166	0.090768	0.048417	0.024405	0.013977	0.21834	0.16046
507	0.075055	0.31181	0.029639	0.022323	0.010069	0.0019097	0.26578	0.22947	0.035418	0.16651	0.052167	0.054333	0.14715	0.055166	0.049374	0.2133	0.20283	0.090768	0.047328	0.024182	0.014529	0.22191	0.16139
508	0.080145	0.31828	0.030697	0.023427	0.010774	0.0021783	0.27313	0.23712	0.036233	0.17589	0.054927	0.056958	0.15548	0.058211	0.052156	0.21723	0.20399	0.090768	0.046238	0.023959	0.01508	0.22549	0.16232
509	0.085977	0.32539	0.031947	0.024646	0.01153	0.002502	0.28055	0.24473	0.036957	0.18549	0.057716	0.059634	0.16402	0.061463	0.055003	0.22079	0.20494	0.090559	0.046614	0.023741	0.015638	0.22892	0.16345
510	0.091808	0.33251	0.033196	0.025865	0.012286	0.0028257	0.28798	0.25233	0.03768	0.19509	0.060504	0.06231	0.17256	0.064715	0.05785	0.22435	0.20588	0.090351	0.046989	0.023522	0.016196	0.23234	0.16458
511	0.097409	0.33835	0.034384	0.026919	0.013083	0.0031874	0.29373	0.25889	0.038297	0.20475	0.063271	0.064925	0.18117	0.068001	0.060861	0.22749	0.2066	0.090143	0.046774	0.023334	0.016835	0.23532	0.16496
512	0.10301	0.34419	0.035571	0.027972	0.01388	0.0035492	0.29948	0.26545	0.038914	0.21441	0.066037	0.067539	0.18978	0.071286	0.063871	0.23063	0.20731	0.089935	0.046559	0.023146	0.017475	0.2383	0.16534
513	0.10943	0.34983	0.036755	0.029286	0.014781	0.0039477	0.30581	0.27266	0.039459	0.22448	0.068891	0.070121	0.19855	0.074456	0.066791	0.23332	0.20827	0.089729	0.04546	0.022882	0.01795	0.24136	0.1661
514	0.11585	0.35547	0.037939	0.0306	0.015682	0.0043463	0.31215	0.27988	0.040004	0.23455	0.071744	0.072704	0.20731	0.077626	0.069712	0.236	0.20923	0.089522	0.044361	0.022619	0.018425	0.24441	0.16687
515	0.12217	0.36045	0.038971	0.031732	0.016478	0.0046972	0.31763	0.28581	0.040612	0.24557	0.074845	0.075304	0.21688	0.081077	0.072811	0.23875	0.20995	0.089214	0.044878	0.022387	0.018948	0.24697	0.16745
516	0.12849	0.36543	0.040003	0.032864	0.017274	0.0050481	0.32312	0.29173	0.04122	0.25659	0.077945	0.077903	0.22645	0.084529	0.075911	0.2415	0.21068	0.088906	0.045394	0.022155	0.019472	0.24953	0.16802
517	0.136	0.37098	0.041188	0.03412	0.018195	0.0054827	0.32918	0.29825	0.041749	0.268	0.080925	0.080689	0.23662	0.088076	0.079191	0.24375	0.21141	0.0886	0.045446	0.021953	0.020025	0.25215	0.16841
518	0.14351	0.37653	0.042373	0.035377	0.019116	0.0059173	0.33525	0.30477	0.042277	0.27941	0.083905	0.083475	0.24678	0.091623	0.082472	0.24599	0.21214	0.088294	0.045499	0.021751	0.020578	0.25476	0.1688
519	0.15061	0.38048	0.043423	0.036598	0.020014	0.0063713	0.33994	0.30977	0.04267	0.29078	0.086699	0.085846	0.25695	0.095013	0.085421	0.24799	0.21263	0.08799	0.044879	0.021528	0.020964	0.25683	0.16919
520	0.15772	0.38442	0.044472	0.03782	0.020912	0.0068253	0.34464	0.31476	0.043063	0.30216	0.089493	0.088218	0.26712	0.098402	0.08837	0.24999	0.21312	0.087686	0.044259	0.021305	0.021351	0.2589	0.16958
521	0.16513	0.3889	0.045574	0.038987	0.021764	0.0072066	0.34906	0.31991	0.043464	0.31296	0.092144	0.09051	0.2765	0.10156	0.091313	0.25202	0.21361	0.087284	0.043263	0.021062	0.021751	0.261	0.16958
522	0.17254	0.39337	0.046676	0.040153	0.022615	0.0075879	0.35348	0.32507	0.043864	0.32377	0.094795	0.092802	0.28587	0.10471	0.094255	0.25405	0.2141	0.086882	0.042267	0.02082	0.022152	0.2631	0.16958
523	0.17849	0.39657	0.04744	0.041051	0.02334	0.0079444	0.35718	0.32924	0.04422	0.33297	0.096915	0.094432	0.29419	0.10718	0.096476	0.25582	0.21484	0.086683	0.042709	0.0207	0.022541	0.26432	0.16978
524	0.18445	0.39976	0.048205	0.041949	0.024066	0.0083009	0.36088	0.33341	0.044577	0.34217	0.099035	0.096063	0.3025	0.10965	0.098697	0.25758	0.21559	0.086483	0.043152	0.020581	0.02293	0.26554	0.16997
525	0.18991	0.40254	0.04888	0.042786	0.024662	0.0086285	0.36423	0.33729	0.044783	0.35023	0.10089	0.097409	0.30949	0.11171	0.10067	0.25938	0.21633	0.086185	0.042564	0.02044	0.02309	0.26708	0.17017
526	0.19538	0.40533	0.049555	0.043623	0.025258	0.0089562	0.36759	0.34117	0.044989	0.35829	0.10275	0.098754	0.31649	0.11376	0.10264	0.26117	0.21708	0.085888	0.041976	0.020299	0.023249	0.26861	0.17036
527	0.19975	0.4072	0.050133	0.044338	0.025672	0.0091457	0.37015	0.34435	0.045197	0.36501	0.10419	0.099905	0.32268	0.11549	0.1042	0.26238	0.21783	0.08569	0.042366	0.02016	0.023357	0.27017	0.17036
528	0.20412	0.40908	0.05071	0.045053	0.026085	0.0093352	0.3727	0.34752	0.045405	0.37174	0.10563	0.10105	0.32888	0.11722	0.10576	0.26358	0.21858	0.085493	0.042756	0.02002	0.023464	0.27172	0.17036
529	0.20819	0.41144	0.051181	0.045631	0.026637	0.0095778	0.3753	0.35034	0.045668	0.37783	0.10686	0.10176	0.33416	0.11859	0.10711	0.26542	0.21934	0.085297	0.04227	0.019883	0.023546	0.2733	0.17056
530	0.21227	0.41381	0.051652	0.046208	0.027189	0.0098203	0.37789	0.35316	0.045931	0.38392	0.10809	0.10246	0.33945	0.11995	0.10847	0.26725	0.2201	0.0851	0.041783	0.019746	0.023627	0.27487	0.17076
531	0.21499	0.41621	0.052133	0.046692	0.02757	0.010028	0.38008	0.35603	0.046144	0.38929	0.1091	0.10329	0.34411	0.12121	0.1096	0.26942	0.22112	0.085002	0.041544	0.019768	0.023573	0.27678	0.17095
532	0.21771	0.4186	0.052613	0.047176	0.027951	0.010236	0.38226	0.3589	0.046356	0.39467	0.1101	0.10413	0.34877	0.12246	0.11074	0.27159	0.22214	0.084905	0.041305	0.019791	0.023518	0.27869	0.17115
533	0.22076	0.42054	0.052979	0.047837	0.028309	0.010465	0.38492	0.36224	0.046571	0.39927	0.11087	0.10473	0.35316	0.12331	0.11164	0.27348	0.22342	0.084905	0.041448	0.019723	0.0236	0.28063	0.17154
534	0.22381	0.42248	0.053345	0.048498	0.028668	0.010694	0.38758	0.36558	0.046785	0.40387	0.11163	0.10533	0.35755	0.12417	0.11254	0.27537	0.22471	0.084905	0.041591	0.019655	0.023681	0.28257	0.17194
535	0.22615	0.42443	0.053778	0.049062	0.029036	0.010843	0.39028	0.36812	0.047111	0.40809	0.11215	0.1057	0.36122	0.12503	0.11332	0.27761	0.22627	0.085002	0.041543	0.01961	0.023627	0.2852	0.17253
536	0.2285	0.42639	0.054211	0.049627	0.029403	0.010993	0.39297	0.37066	0.047436	0.41232	0.11266	0.10606	0.36489	0.12589	0.11411	0.27985	0.22783	0.0851	0.041495	0.019565	0.023573	0.28782	0.17313
537	0.23009	0.42886	0.054652	0.050205	0.02978	0.011108	0.39525	0.37324	0.047766	0.41567	0.11305	0.10655	0.36696	0.12648	0.11477	0.2831	0.22969	0.085297	0.041258	0.019587	0.023546	0.29084	0.17373
538	0.23167	0.43132	0.055092	0.050783	0.030158	0.011223	0.39752	0.37582	0.048096	0.41902	0.11345	0.10704	0.36903	0.12706	0.11543	0.28636	0.23154	0.085493	0.04102	0.01961	0.023518	0.29385	0.17433
539	0.23329	0.43332	0.055411	0.051255	0.030438	0.011341	0.40029	0.37843	0.048487	0.42194	0.11397	0.10741	0.37155	0.12765	0.11623	0.28936	0.23342	0.08569	0.040646	0.019655	0.023518	0.29658	0.17514
540	0.2349	0.43532	0.05573	0.051727	0.030718	0.011458	0.40305	0.38105	0.048877	0.42485	0.1145	0.10778	0.37407	0.12823	0.11703	0.29236	0.2353	0.085888	0.040272	0.0197	0.023518	0.29931	0.17594
541	0.23626	0.43784	0.056183	0.052391	0.031112	0.011633	0.40492	0.38325	0.049274	0.42731	0.11489	0.10816	0.37576	0.12868	0.11757	0.29542	0.23749	0.086285	0.040741	0.019746	0.023438	0.30245	0.17655
542	0.23762	0.44036	0.056636	0.053054	0.031506	0.011807	0.40678	0.38546	0.049672	0.42977	0.11529	0.10853	0.37746	0.12912	0.11812	0.29848	0.23967	0.086682	0.04121	0.019791	0.023357	0.30558	0.17716
543	0.23844	0.44239	0.057096	0.05361	0.031836	0.011972	0.40914	0.38814	0.050075	0.43176	0.11582	0.10916	0.37917	0.12987	0.1188	0.30196	0.24162	0.087184	0.041885	0.019929	0.023383	0.30878	0.17819
544	0.23926	0.44443	0.057556	0.054165	0.032166	0.012137	0.41149	0.39082	0.050479	0.43375	0.11636	0.10979	0.38088	0.13062	0.11948	0.30543	0.24357	0.087686	0.04256	0.020066	0.02341	0.31198	0.17921
545	0.24037	0.44649	0.058024	0.054924	0.032541	0.012351	0.41388	0.39308	0.051067	0.43575	0.11689	0.11042	0.38261	0.13107	0.12017	0.30863	0.24583	0.088296	0.043257	0.02023	0.023437	0.31525	0.18025
546	0.24148	0.44854	0.058491	0.055683	0.032915	0.012564	0.41626	0.39535	0.051654	0.43776	0.11743	0.11106	0.38434	0.13152	0.12087	0.31183	0.2481	0.088906	0.043954	0.020393	0.023464	0.31851	0.18129
547	0.2426	0.45062	0.059035	0.056397	0.033376	0.012785	0.41867	0.39763	0.052378	0.43928	0.11825	0.11183	0.38564	0.13229	0.12157	0.3151	0.2504	0.089524	0.044005	0.020606	0.023628	0.32222	0.18255
548	0.24371	0.45269	0.059579	0.057111	0.033837	0.013005	0.42108	0.39992	0.053102	0.44079	0.11907	0.1126	0.38695	0.13305	0.12227	0.31836	0.25271	0.090143	0.044055	0.02082	0.023791	0.32593	0.18381
549	0.24456	0.45531	0.060273	0.058047	0.034311	0.013265	0.42352	0.40224	0.053908	0.44283	0.12003	0.11352	0.38826	0.13382	0.12326	0.32207	0.25535	0.091193	0.04483	0.021111	0.023929	0.32973	0.18509
550	0.2454	0.45793	0.060966	0.058982	0.034785	0.013525	0.42595	0.40455	0.054715	0.44487	0.121	0.11443	0.38958	0.13459	0.12425	0.32578	0.258	0.092243	0.045604	0.021403	0.024066	0.33352	0.18637
551	0.24625	0.46005	0.061821	0.060019	0.035397	0.013795	0.42842	0.4069	0.055611	0.44642	0.12198	0.1155	0.39046	0.13568	0.12541	0.32995	0.2607	0.093208	0.045815	0.021728	0.024178	0.3378	0.1881
552	0.2471	0.46217	0.062675	0.061055	0.036008	0.014065	0.43089	0.40924	0.056508	0.44796	0.12297	0.11656	0.39134	0.13677	0.12656	0.33413	0.2634	0.094174	0.046026	0.022053	0.024289	0.34208	0.18983
553	0.24739	0.46431	0.063627	0.06242	0.036727	0.014413	0.43288	0.41161	0.057703	0.44847	0.12425	0.11778	0.39178	0.13773	0.12774	0.33802	0.26585	0.095382	0.047277	0.02252	0.024572	0.34606	0.1916
554	0.24767	0.46645	0.064579	0.063785	0.037445	0.014761	0.43487	0.41398	0.058899	0.44899	0.12554	0.119	0.39222	0.13868	0.12892	0.34192	0.2683	0.09659	0.048529	0.022986	0.024855	0.35005	0.19336
555	0.24767	0.46861	0.06556	0.065135	0.038148	0.015145	0.43638	0.41589	0.060145	0.44951	0.12656	0.12025	0.39223	0.13964	0.12996	0.34509	0.27111	0.098057	0.049497	0.023556	0.025086	0.35412	0.19516
556	0.24767	0.47076	0.066541	0.066485	0.038851	0.015528	0.43789	0.41781	0.061391	0.45002	0.12758	0.12149	0.39223	0.14061	0.13101	0.34827	0.27392	0.099525	0.050466	0.024125	0.025317	0.3582	0.19696
557	0.24739	0.4724	0.06771	0.067971	0.039626	0.015951	0.43991	0.41926	0.06269	0.45054	0.12892	0.12305	0.39223	0.14175	0.13223	0.35151	0.27646	0.10116	0.051655	0.024723	0.025582	0.36195	0.19879
558	0.2471	0.47403	0.06888	0.069458	0.040401	0.016373	0.44194	0.4207	0.063989	0.45106	0.13025	0.12461	0.39223	0.14289	0.13345	0.35475	0.27901	0.10279	0.052845	0.02532	0.025847	0.3657	0.20062
559	0.24597	0.47512	0.07009	0.071094	0.041305	0.016798	0.44347	0.42216	0.065343	0.45003	0.13146	0.12592	0.39135	0.14372	0.13453	0.35804	0.2816	0.10435	0.054154	0.025948	0.026148	0.3691	0.20272
560	0.24484	0.47622	0.0713	0.072731	0.042208	0.017224	0.445	0.42362	0.066697	0.44899	0.13267	0.12722	0.39047	0.14455	0.13561	0.36134	0.2842	0.10591	0.055463	0.026575	0.026449	0.3725	0.20482
561	0.24344	0.47731	0.072723	0.074709	0.043203	0.017776	0.44706	0.42509	0.068269	0.44847	0.13391	0.12885	0.39003	0.14555	0.13687	0.36428	0.28651	0.10777	0.056836	0.027298	0.026726	0.37596	0.20696
562	0.24204	0.47841	0.074147	0.076687	0.044197	0.018328	0.44912	0.42656	0.069841	0.44796	0.13514	0.13048	0.38959	0.14656	0.13814	0.36721	0.28881	0.10963	0.05821	0.02802	0.027003	0.37943	0.20911
563	0.2401	0.47897	0.075715	0.078679	0.045292	0.018871	0.45016	0.42804	0.071486	0.44693	0.13656	0.13216	0.38828	0.1474	0.13942	0.36977	0.2915	0.11156	0.060006	0.028919	0.027349	0.38251	0.2113
564	0.23817	0.47952	0.077284	0.080672	0.046387	0.019414	0.45119	0.42951	0.073132	0.4459	0.13797	0.13383	0.38697	0.14825	0.1407	0.37232	0.29418	0.11348	0.061802	0.029818	0.027695	0.38559	0.21349
565	0.23572	0.48062	0.079199	0.083358	0.047818	0.020133	0.45223	0.4305	0.075121	0.44436	0.13925	0.13539	0.38523	0.14928	0.14185	0.37578	0.29657	0.11588	0.063708	0.030884	0.028051	0.38918	0.21623
566	0.23328	0.48173	0.081113	0.086044	0.049249	0.020851	0.45328	0.4315	0.07711	0.44283	0.14054	0.13695	0.3835	0.15032	0.14299	0.37924	0.29896	0.11829	0.065615	0.03195	0.028406	0.39276	0.21896
567	0.23063	0.48229	0.083025	0.088804	0.050768	0.02152	0.45485	0.43299	0.079206	0.43979	0.14201	0.1387	0.38092	0.15119	0.14415	0.38233	0.30209	0.12093	0.067799	0.033132	0.028804	0.39595	0.22177
568	0.22797	0.48284	0.084936	0.091563	0.052287	0.022188	0.45642	0.43449	0.081303	0.43675	0.14348	0.14046	0.37835	0.15206	0.14531	0.38541	0.30522	0.12358	0.069984	0.034314	0.029202	0.39914	0.22458
569	0.22435	0.48284	0.087452	0.09495	0.054028	0.023009	0.45694	0.43499	0.083712	0.43425	0.14464	0.14226	0.37581	0.15276	0.14649	0.38809	0.30806	0.12664	0.072143	0.035754	0.029507	0.40239	0.22746
570	0.22074	0.48284	0.089969	0.098338	0.05577	0.02383	0.45747	0.43549	0.086121	0.43175	0.14581	0.14406	0.37326	0.15346	0.14767	0.39077	0.3109	0.1297	0.074302	0.037194	0.029813	0.40563	0.23034
571	0.21773	0.48229	0.092089	0.10137	0.057422	0.024594	0.458	0.43599	0.088358	0.4283	0.14682	0.14557	0.36993	0.15382	0.14836	0.39349	0.31306	0.1326	0.076959	0.038616	0.030231	0.40845	0.23302
572	0.21472	0.48173	0.094209	0.1044	0.059074	0.025359	0.45852	0.43649	0.090596	0.42485	0.14784	0.14708	0.36659	0.15417	0.14904	0.3962	0.31522	0.1355	0.079616	0.040038	0.030648	0.41127	0.23571
573	0.2118	0.48173	0.096656	0.10788	0.060969	0.026203	0.45852	0.437	0.093059	0.42145	0.14887	0.14845	0.36372	0.15471	0.1499	0.39804	0.31742	0.1382	0.081684	0.041519	0.031005	0.41413	0.23818
574	0.20887	0.48173	0.099104	0.11136	0.062863	0.027047	0.45852	0.4375	0.095523	0.41806	0.14989	0.14982	0.36085	0.15524	0.15077	0.39987	0.31961	0.14091	0.083753	0.043	0.031362	0.41699	0.24064
575	0.20649	0.48118	0.10132	0.11452	0.064573	0.027816	0.45905	0.438	0.097774	0.41519	0.15059	0.15138	0.35762	0.15578	0.15164	0.40219	0.32183	0.14406	0.086337	0.044591	0.031691	0.41892	0.24345
576	0.20412	0.48062	0.10354	0.11768	0.066282	0.028584	0.45958	0.43851	0.10002	0.41232	0.15128	0.15295	0.35438	0.15632	0.15251	0.4045	0.32406	0.14721	0.08892	0.046182	0.032019	0.42085	0.24625
577	0.20179	0.48062	0.1061	0.12146	0.068408	0.029571	0.46011	0.43851	0.10238	0.41043	0.15287	0.15455	0.35279	0.15704	0.15357	0.4059	0.32593	0.14997	0.09123	0.047776	0.03243	0.4228	0.24883
578	0.19947	0.48062	0.10867	0.12523	0.070534	0.030558	0.46064	0.43851	0.10474	0.40854	0.15445	0.15616	0.35121	0.15776	0.15463	0.4073	0.32781	0.15273	0.093541	0.049371	0.03284	0.42474	0.2514
579	0.19788	0.48062	0.11123	0.12879	0.072623	0.031501	0.46064	0.43901	0.10708	0.40714	0.15589	0.15797	0.34963	0.15868	0.15589	0.40872	0.33009	0.15578	0.096198	0.051136	0.033262	0.42671	0.25404
580	0.19628	0.48062	0.11379	0.13235	0.074713	0.032443	0.46064	0.43952	0.10942	0.40573	0.15732	0.15979	0.34805	0.15959	0.15715	0.41013	0.33237	0.15883	0.098855	0.052902	0.033683	0.42867	0.25667
581	0.19383	0.48007	0.11688	0.13676	0.077293	0.033724	0.46117	0.44002	0.11213	0.4048	0.15952	0.16203	0.34767	0.16051	0.15879	0.41202	0.33429	0.16219	0.10142	0.054859	0.034195	0.43066	0.25966
582	0.19137	0.47952	0.11998	0.14116	0.079872	0.035005	0.4617	0.44053	0.11484	0.40387	0.16173	0.16427	0.34728	0.16144	0.16044	0.41392	0.33622	0.16555	0.10399	0.056816	0.034706	0.43264	0.26265
583	0.18963	0.47897	0.12295	0.14552	0.082532	0.036084	0.46117	0.44053	0.11769	0.4034	0.16399	0.16618	0.3465	0.16237	0.16174	0.41584	0.33856	0.16905	0.1081	0.059059	0.035193	0.43464	0.26571
584	0.18788	0.47841	0.12592	0.14987	0.085192	0.037164	0.46064	0.44053	0.12053	0.40294	0.16626	0.1681	0.34572	0.16331	0.16304	0.41775	0.34089	0.17256	0.1122	0.061302	0.035679	0.43664	0.26877
585	0.18616	0.47786	0.1295	0.1545	0.088028	0.038585	0.46117	0.44053	0.12337	0.40201	0.16839	0.17025	0.34573	0.16425	0.16456	0.4192	0.34247	0.176	0.11525	0.063645	0.036263	0.43866	0.27158
586	0.18445	0.47731	0.13307	0.15912	0.090865	0.040006	0.4617	0.44053	0.12621	0.40109	0.17052	0.17241	0.34574	0.1652	0.16608	0.42065	0.34405	0.17944	0.1183	0.065989	0.036848	0.44068	0.27439
587	0.18298	0.47676	0.13605	0.16345	0.093557	0.04124	0.4617	0.44104	0.12904	0.3997	0.17251	0.17401	0.34457	0.16596	0.16723	0.42211	0.34604	0.18303	0.1221	0.068267	0.03732	0.44221	0.27727
588	0.1815	0.47622	0.13902	0.16777	0.096249	0.042474	0.4617	0.44155	0.13186	0.39832	0.1745	0.17561	0.34341	0.16673	0.16839	0.42356	0.34803	0.18661	0.12589	0.070546	0.037793	0.44374	0.28014
589	0.18026	0.47622	0.14247	0.17213	0.099218	0.043888	0.46223	0.44155	0.13433	0.3965	0.17551	0.17725	0.34186	0.1675	0.16956	0.42454	0.34964	0.18989	0.12932	0.072808	0.038412	0.44476	0.28274
590	0.17901	0.47622	0.14591	0.17649	0.10219	0.045303	0.46277	0.44155	0.13681	0.39467	0.17652	0.17888	0.34032	0.16827	0.17073	0.42552	0.35125	0.19317	0.13274	0.075071	0.039031	0.44579	0.28535
591	0.17799	0.47622	0.14882	0.18044	0.10497	0.0467	0.46277	0.44206	0.13937	0.39377	0.17795	0.18075	0.33917	0.16924	0.17172	0.4265	0.35288	0.19656	0.13539	0.077387	0.039578	0.44733	0.288
592	0.17696	0.47622	0.15174	0.18438	0.10774	0.048098	0.46277	0.44256	0.14194	0.39286	0.17939	0.18262	0.33802	0.17022	0.17271	0.42748	0.3545	0.19995	0.13804	0.079702	0.040124	0.44888	0.29065
593	0.17595	0.47567	0.15513	0.18873	0.11067	0.049581	0.4633	0.44307	0.14444	0.39151	0.18063	0.18432	0.33688	0.17101	0.17391	0.42847	0.35614	0.20323	0.14179	0.081967	0.040734	0.44991	0.29335
594	0.17494	0.47512	0.15852	0.19307	0.1136	0.051065	0.46383	0.44359	0.14693	0.39015	0.18188	0.18602	0.33573	0.17179	0.17511	0.42946	0.35778	0.20651	0.14555	0.084231	0.041344	0.45095	0.29606
595	0.17433	0.47512	0.16188	0.19693	0.11628	0.052516	0.46383	0.4441	0.14969	0.38926	0.18315	0.18819	0.3346	0.17299	0.17653	0.42995	0.35902	0.21013	0.1488	0.086726	0.042218	0.45199	0.29881
596	0.17373	0.47512	0.16523	0.20078	0.11896	0.053967	0.46383	0.44461	0.15244	0.38836	0.18441	0.19035	0.33346	0.17418	0.17795	0.43045	0.36026	0.21376	0.15205	0.089222	0.043093	0.45303	0.30156
597	0.17294	0.47512	0.16873	0.20551	0.12219	0.055565	0.46437	0.44512	0.15549	0.38703	0.18591	0.19234	0.33196	0.17519	0.17919	0.43144	0.36193	0.21752	0.15601	0.092303	0.043902	0.45408	0.30472
598	0.17214	0.47512	0.17222	0.21024	0.12543	0.057164	0.4649	0.44563	0.15853	0.38569	0.18741	0.19434	0.33046	0.1762	0.18043	0.43243	0.3636	0.22127	0.15996	0.095383	0.04471	0.45512	0.30787
599	0.17135	0.47512	0.17607	0.21444	0.12838	0.058858	0.46598	0.44615	0.16131	0.38261	0.18698	0.19546	0.32566	0.17661	0.18084	0.43293	0.36528	0.22543	0.16334	0.098676	0.045764	0.45565	0.3111
600	0.17056	0.47512	0.17992	0.21864	0.13134	0.060551	0.46705	0.44666	0.1641	0.37952	0.18655	0.19659	0.32087	0.17701	0.18126	0.43343	0.36696	0.22958	0.16672	0.10197	0.046818	0.45617	0.31432
601	0.16958	0.47457	0.18373	0.22274	0.13459	0.061978	0.46759	0.44717	0.16698	0.37778	0.18633	0.19888	0.31799	0.17845	0.18273	0.43343	0.36866	0.23389	0.17025	0.10562	0.047752	0.4567	0.31761
602	0.16861	0.47403	0.18754	0.22684	0.13785	0.063405	0.46813	0.44769	0.16987	0.37604	0.18612	0.20117	0.3151	0.17989	0.18421	0.43343	0.37036	0.23819	0.17378	0.10926	0.048687	0.45722	0.3209
603	0.16764	0.47348	0.19017	0.23002	0.1401	0.064595	0.46813	0.44769	0.17245	0.37432	0.18741	0.20304	0.31333	0.18051	0.18527	0.43443	0.37207	0.24266	0.17808	0.11277	0.0496	0.45775	0.32389
604	0.16668	0.47294	0.19279	0.2332	0.14236	0.065785	0.46813	0.44769	0.17503	0.37259	0.18871	0.20491	0.31156	0.18114	0.18634	0.43543	0.37378	0.24713	0.18239	0.11627	0.050514	0.45828	0.32687
605	0.16535	0.47239	0.19527	0.23536	0.14436	0.066551	0.46759	0.44769	0.17748	0.37089	0.18936	0.20633	0.30981	0.18155	0.1872	0.43593	0.37551	0.25118	0.18713	0.12	0.051461	0.45933	0.33029
606	0.16401	0.47185	0.19774	0.23753	0.14635	0.067317	0.46705	0.44769	0.17993	0.36918	0.19001	0.20776	0.30806	0.18197	0.18806	0.43643	0.37724	0.25523	0.19187	0.12373	0.052409	0.46039	0.33371
607	0.1627	0.47131	0.19934	0.23946	0.14806	0.067943	0.46651	0.44717	0.18203	0.36665	0.19045	0.20896	0.30599	0.18218	0.1885	0.43694	0.37811	0.25911	0.19639	0.12739	0.05302	0.46092	0.33642
608	0.16139	0.47076	0.20095	0.24139	0.14976	0.068568	0.46597	0.44666	0.18412	0.36411	0.19089	0.21016	0.30392	0.18239	0.18893	0.43744	0.37898	0.26299	0.20091	0.13106	0.05363	0.46145	0.33914
609	0.1601	0.47022	0.20235	0.24279	0.1508	0.068806	0.46544	0.44615	0.18605	0.36162	0.19133	0.21089	0.30153	0.18218	0.18915	0.43794	0.38074	0.26729	0.20564	0.13478	0.054381	0.46199	0.34229
610	0.15881	0.46968	0.20375	0.24419	0.15184	0.069044	0.4649	0.44563	0.18798	0.35912	0.19177	0.21162	0.29915	0.18197	0.18937	0.43845	0.38249	0.2716	0.21038	0.13851	0.055133	0.46252	0.34544
611	0.157	0.4686	0.20493	0.24532	0.15272	0.069203	0.46384	0.44461	0.18973	0.35625	0.19177	0.2126	0.29613	0.18176	0.1898	0.43895	0.38381	0.27573	0.21483	0.14278	0.05571	0.46305	0.34906
612	0.1552	0.46752	0.20611	0.24645	0.1536	0.069362	0.46277	0.44359	0.19147	0.35338	0.19177	0.21358	0.29312	0.18155	0.19024	0.43946	0.38514	0.27985	0.21928	0.14705	0.056287	0.46358	0.35267
613	0.15325	0.46591	0.2073	0.24701	0.15449	0.069362	0.46223	0.44307	0.19348	0.34975	0.19177	0.21382	0.29017	0.18093	0.19002	0.43997	0.38648	0.28444	0.22471	0.15177	0.056876	0.46465	0.35595
614	0.15131	0.46431	0.20849	0.24758	0.15538	0.069362	0.4617	0.44256	0.19548	0.34613	0.19177	0.21407	0.28722	0.1803	0.1898	0.44047	0.38781	0.28902	0.23014	0.15648	0.057466	0.46572	0.35923
615	0.14959	0.46377	0.20946	0.24844	0.15628	0.069442	0.46064	0.44206	0.19707	0.34336	0.19155	0.21456	0.28432	0.17989	0.1898	0.44098	0.3896	0.29376	0.23585	0.16131	0.058203	0.46626	0.36299
616	0.14787	0.46324	0.21042	0.2493	0.15718	0.069522	0.45958	0.44155	0.19866	0.34059	0.19133	0.21506	0.28143	0.17948	0.1898	0.44149	0.3914	0.29849	0.24155	0.16614	0.05894	0.4668	0.36675
617	0.14585	0.46217	0.2114	0.24959	0.15809	0.069522	0.45905	0.44053	0.20051	0.33787	0.19111	0.21531	0.27891	0.17906	0.1898	0.442	0.39321	0.30338	0.24753	0.17147	0.059557	0.46733	0.37016
618	0.14384	0.46111	0.21237	0.24987	0.159	0.069522	0.45852	0.43952	0.20235	0.33515	0.19089	0.21555	0.27638	0.17865	0.1898	0.44251	0.39502	0.30827	0.25351	0.1768	0.060174	0.46787	0.37357
619	0.14269	0.46005	0.21311	0.25045	0.15955	0.069602	0.45747	0.43851	0.204	0.33285	0.19089	0.21605	0.27421	0.17804	0.18959	0.44302	0.39639	0.31295	0.25918	0.18203	0.060946	0.46787	0.37661
620	0.14154	0.45899	0.21384	0.25103	0.1601	0.069683	0.45642	0.4375	0.20564	0.33055	0.19089	0.21655	0.27204	0.17742	0.18937	0.44353	0.39776	0.31764	0.26485	0.18727	0.061718	0.46787	0.37964
621	0.14041	0.45846	0.21508	0.25161	0.16122	0.070005	0.45589	0.438	0.20731	0.32903	0.19133	0.2178	0.27051	0.17763	0.19002	0.44404	0.39914	0.32171	0.27045	0.19214	0.062509	0.46895	0.38317
622	0.13928	0.45793	0.21632	0.25219	0.16233	0.070327	0.45537	0.43851	0.20898	0.32752	0.19177	0.21906	0.26898	0.17783	0.19068	0.44455	0.40052	0.32579	0.27606	0.197	0.063301	0.47003	0.3867
623	0.13864	0.45793	0.21732	0.25277	0.16308	0.070653	0.45537	0.438	0.21068	0.32639	0.19222	0.21982	0.26807	0.17803	0.19112	0.44506	0.40144	0.32996	0.28091	0.20212	0.064187	0.47057	0.38939
624	0.138	0.45793	0.21832	0.25335	0.16383	0.070978	0.45537	0.4375	0.21238	0.32526	0.19266	0.22058	0.26716	0.17824	0.19156	0.44557	0.40236	0.33414	0.28576	0.20724	0.065074	0.47112	0.39208
625	0.13784	0.45741	0.21958	0.25423	0.16497	0.071555	0.45537	0.4375	0.2141	0.32452	0.19355	0.22185	0.26656	0.17865	0.19245	0.44609	0.40376	0.33803	0.29044	0.21237	0.065986	0.47166	0.39481
626	0.13768	0.45688	0.22085	0.25511	0.16611	0.072131	0.45537	0.4375	0.21583	0.32377	0.19444	0.22313	0.26596	0.17906	0.19333	0.4466	0.40515	0.34193	0.29512	0.21751	0.066897	0.4722	0.39753
627	0.13768	0.45688	0.22213	0.25599	0.16746	0.072802	0.45537	0.4375	0.21758	0.3234	0.19534	0.22416	0.26536	0.17968	0.194	0.4466	0.40656	0.34591	0.29996	0.22237	0.068073	0.47275	0.4003
628	0.13768	0.45688	0.2234	0.25687	0.16881	0.073472	0.45537	0.4375	0.21934	0.32303	0.19624	0.22519	0.26476	0.1803	0.19467	0.4466	0.40796	0.34989	0.30479	0.22723	0.069248	0.47329	0.40306
629	0.13768	0.45688	0.22496	0.25806	0.17038	0.074328	0.45589	0.438	0.22137	0.32265	0.19715	0.2265	0.26476	0.18114	0.19557	0.44711	0.4089	0.35396	0.31051	0.23286	0.0703	0.47384	0.40634
630	0.13768	0.45688	0.22651	0.25925	0.17195	0.075184	0.45642	0.43851	0.22341	0.32228	0.19806	0.2278	0.26476	0.18197	0.19647	0.44763	0.40984	0.35804	0.31623	0.23849	0.071352	0.47438	0.40961
631	0.13721	0.45636	0.22809	0.26015	0.17334	0.075883	0.45642	0.43851	0.22523	0.32191	0.19874	0.22886	0.26446	0.18218	0.19716	0.44815	0.41126	0.36221	0.32141	0.24411	0.072521	0.47438	0.41198
632	0.13673	0.45583	0.22966	0.26105	0.17474	0.076582	0.45642	0.43851	0.22704	0.32154	0.19943	0.22991	0.26416	0.18239	0.19784	0.44866	0.41269	0.36638	0.32659	0.24973	0.07369	0.47438	0.41436
633	0.13533	0.45478	0.23099	0.26226	0.17616	0.077025	0.45694	0.43901	0.22862	0.32007	0.19897	0.23017	0.26327	0.18197	0.19761	0.44918	0.41412	0.37022	0.33233	0.25562	0.074203	0.47548	0.41724
634	0.13393	0.45374	0.23232	0.26346	0.17758	0.077468	0.45747	0.43952	0.2302	0.31859	0.19851	0.23044	0.26237	0.18155	0.19738	0.4497	0.41555	0.37405	0.33806	0.2615	0.074715	0.47657	0.42012
635	0.13181	0.45217	0.23286	0.26377	0.1784	0.077558	0.45694	0.43952	0.231	0.31641	0.19715	0.22965	0.26061	0.1801	0.19648	0.4497	0.4165	0.37797	0.3428	0.26641	0.074715	0.47657	0.42255
636	0.12968	0.45061	0.23339	0.26407	0.17922	0.077647	0.45642	0.43952	0.2318	0.31422	0.19579	0.22885	0.25884	0.17865	0.19557	0.4497	0.41746	0.38188	0.34754	0.27131	0.074715	0.47657	0.42498
637	0.12662	0.44906	0.23366	0.26468	0.18005	0.077469	0.45589	0.43901	0.23153	0.31135	0.194	0.22702	0.25709	0.17662	0.19379	0.4497	0.41843	0.38499	0.35158	0.27608	0.074118	0.47712	0.42695
638	0.12356	0.44751	0.23393	0.26529	0.18088	0.07729	0.45537	0.43851	0.23126	0.30849	0.19221	0.22519	0.25535	0.17458	0.192	0.4497	0.41939	0.38809	0.35563	0.28085	0.073521	0.47767	0.42892
639	0.12024	0.44546	0.23366	0.26529	0.1813	0.076672	0.45484	0.4375	0.231	0.30463	0.18917	0.22288	0.25221	0.17182	0.18939	0.4497	0.42036	0.39079	0.35852	0.28545	0.072273	0.47822	0.4309
640	0.11692	0.44341	0.23339	0.26529	0.18172	0.076054	0.45432	0.43649	0.23073	0.30077	0.18612	0.22058	0.24907	0.16905	0.18677	0.4497	0.42133	0.39349	0.36141	0.29005	0.071025	0.47877	0.43289
641	0.11289	0.44037	0.23232	0.26468	0.18151	0.075103	0.45328	0.43499	0.22941	0.29667	0.18317	0.21757	0.24601	0.16599	0.18422	0.44918	0.42181	0.39531	0.36519	0.29411	0.069504	0.47877	0.43439
642	0.10886	0.43732	0.23126	0.26407	0.1813	0.074152	0.45223	0.43349	0.22809	0.29257	0.18021	0.21456	0.24295	0.16293	0.18168	0.44866	0.4223	0.39713	0.36898	0.29818	0.067984	0.47877	0.43589
643	0.10511	0.43432	0.22993	0.26286	0.18088	0.073059	0.45171	0.43249	0.22679	0.28793	0.17656	0.21092	0.23943	0.15962	0.17819	0.44866	0.42327	0.39989	0.37198	0.30235	0.066305	0.47877	0.4374
644	0.10136	0.43132	0.22861	0.26165	0.18047	0.071966	0.45119	0.4315	0.22548	0.28329	0.1729	0.20728	0.23591	0.15632	0.1747	0.44866	0.42425	0.40265	0.37497	0.30653	0.064626	0.47877	0.43891
645	0.097117	0.42837	0.22652	0.26015	0.17923	0.070109	0.44964	0.42952	0.22342	0.27817	0.16882	0.2033	0.23145	0.15263	0.17116	0.44815	0.42523	0.40498	0.37802	0.31046	0.062469	0.47932	0.44094
646	0.092871	0.42541	0.22444	0.25865	0.17799	0.068253	0.44809	0.42754	0.22136	0.27305	0.16474	0.19932	0.227	0.14894	0.16761	0.44763	0.42621	0.40732	0.38107	0.31439	0.060313	0.47987	0.44297
647	0.089771	0.42201	0.22213	0.25629	0.17617	0.066344	0.44603	0.42607	0.21934	0.26811	0.16121	0.1955	0.22271	0.14542	0.16439	0.44763	0.42719	0.4092	0.38416	0.31842	0.05843	0.47987	0.4445
648	0.086672	0.4186	0.21983	0.25393	0.17434	0.064435	0.44398	0.4246	0.21732	0.26317	0.15768	0.19167	0.21843	0.14191	0.16118	0.44763	0.42817	0.41108	0.38726	0.32246	0.056547	0.47987	0.44604
649	0.084437	0.41669	0.21758	0.25133	0.17216	0.062703	0.44245	0.42265	0.21534	0.25988	0.15518	0.18906	0.21526	0.1395	0.1588	0.44763	0.42916	0.41299	0.38995	0.32621	0.055212	0.47987	0.44759
650	0.082201	0.41477	0.21532	0.24873	0.16998	0.060971	0.44092	0.4207	0.21336	0.25659	0.15268	0.18645	0.21209	0.13709	0.15642	0.44763	0.43015	0.41489	0.39264	0.32997	0.053878	0.47987	0.44913
651	0.080989	0.41334	0.21336	0.24617	0.16747	0.059465	0.43941	0.41926	0.21262	0.25396	0.15094	0.18475	0.20972	0.13553	0.15464	0.44815	0.43064	0.41633	0.39492	0.33304	0.052963	0.48043	0.45069
652	0.079777	0.41191	0.21139	0.24362	0.16497	0.057959	0.43789	0.41781	0.21189	0.25133	0.14921	0.18304	0.20734	0.13397	0.15286	0.44866	0.43114	0.41776	0.39719	0.3361	0.052049	0.48098	0.45224
653	0.07878	0.41049	0.20828	0.24003	0.16162	0.05615	0.43588	0.41542	0.21019	0.24818	0.14751	0.18096	0.20433	0.13229	0.1513	0.44815	0.43214	0.41921	0.39903	0.33883	0.051223	0.48098	0.45329
654	0.077782	0.40908	0.20516	0.23644	0.15827	0.054341	0.43387	0.41303	0.2085	0.24504	0.14581	0.17888	0.20133	0.13062	0.14973	0.44763	0.43313	0.42066	0.40087	0.34156	0.050397	0.48098	0.45433
655	0.076548	0.4072	0.20191	0.23216	0.15436	0.052353	0.4304	0.41066	0.20636	0.24115	0.14333	0.17604	0.19774	0.1284	0.14752	0.44815	0.43363	0.42163	0.40226	0.34394	0.04943	0.48098	0.45591
656	0.075315	0.40533	0.19865	0.22789	0.15045	0.050364	0.42694	0.4083	0.20422	0.23727	0.14086	0.1732	0.19416	0.12618	0.14531	0.44866	0.43413	0.4226	0.40365	0.34632	0.048463	0.48098	0.45748
657	0.073372	0.40208	0.19353	0.22201	0.14495	0.047471	0.42304	0.40457	0.20099	0.23167	0.13707	0.16931	0.18923	0.12321	0.14188	0.44815	0.43513	0.42309	0.40504	0.34792	0.047107	0.48098	0.45748
658	0.07143	0.39884	0.1884	0.21613	0.13944	0.044578	0.41914	0.40085	0.19775	0.22607	0.13329	0.16541	0.1843	0.12023	0.13845	0.44763	0.43613	0.42358	0.40644	0.34952	0.045752	0.48098	0.45748
659	0.068893	0.39475	0.18252	0.20939	0.13331	0.041569	0.41437	0.39583	0.19351	0.21925	0.12855	0.16042	0.17805	0.11583	0.13413	0.44711	0.43664	0.42358	0.40785	0.35073	0.043787	0.48043	0.45854
660	0.066356	0.39066	0.17664	0.20264	0.12717	0.038559	0.4096	0.39082	0.18928	0.21244	0.12382	0.15544	0.1718	0.11143	0.12981	0.4466	0.43714	0.42358	0.40926	0.35194	0.041822	0.47987	0.45959
661	0.063021	0.3849	0.16943	0.19458	0.12026	0.035095	0.40311	0.38462	0.18337	0.20399	0.11811	0.14876	0.16436	0.10618	0.1241	0.44609	0.43764	0.42309	0.41021	0.35316	0.039335	0.47932	0.46065
662	0.059687	0.37914	0.16222	0.18652	0.11334	0.031632	0.39661	0.37842	0.17746	0.19554	0.11241	0.14209	0.15691	0.10093	0.11839	0.44557	0.43815	0.4226	0.41115	0.35438	0.036848	0.47877	0.46171
663	0.05638	0.37313	0.15525	0.1789	0.10683	0.028583	0.38944	0.37158	0.17154	0.18673	0.10629	0.13539	0.14914	0.09575	0.11268	0.44455	0.43865	0.4226	0.4121	0.35438	0.03447	0.47877	0.46278
664	0.053074	0.36712	0.14828	0.17129	0.10032	0.025534	0.38226	0.36473	0.16562	0.17792	0.10018	0.12869	0.14138	0.090574	0.10698	0.44353	0.43916	0.4226	0.41305	0.35438	0.032093	0.47877	0.46385
665	0.049756	0.36088	0.14145	0.16357	0.094152	0.022862	0.37577	0.35773	0.15956	0.17028	0.09494	0.12249	0.13481	0.085929	0.10172	0.44302	0.44017	0.42212	0.41352	0.35479	0.029767	0.47822	0.46438
666	0.046439	0.35465	0.13461	0.15585	0.087983	0.020189	0.36929	0.35073	0.1535	0.16264	0.089699	0.11629	0.12824	0.081284	0.096451	0.44251	0.44118	0.42163	0.414	0.3552	0.027442	0.47767	0.46491
667	0.044057	0.34903	0.12969	0.15015	0.083744	0.018357	0.36302	0.34517	0.14871	0.15617	0.085378	0.1113	0.12282	0.077368	0.092106	0.442	0.44169	0.42114	0.41543	0.35561	0.025754	0.47712	0.46599
668	0.041675	0.3434	0.12476	0.14445	0.079505	0.016524	0.35675	0.33961	0.14392	0.14971	0.081056	0.10631	0.11739	0.073452	0.087762	0.44149	0.4422	0.42066	0.41687	0.35602	0.024066	0.47657	0.46706
669	0.039711	0.33911	0.1206	0.13994	0.075924	0.015442	0.35269	0.3346	0.13973	0.14455	0.077832	0.10242	0.11316	0.070609	0.084551	0.44047	0.44271	0.42018	0.41687	0.35561	0.022586	0.47602	0.4676
670	0.037747	0.33481	0.11644	0.13543	0.072343	0.014359	0.34863	0.32959	0.13555	0.13939	0.074608	0.098527	0.10893	0.067765	0.08134	0.43946	0.44322	0.41969	0.41687	0.3552	0.021106	0.47548	0.46814
671	0.036487	0.33138	0.11369	0.13209	0.070085	0.01349	0.34505	0.32621	0.13265	0.13595	0.072279	0.095772	0.10604	0.065503	0.078889	0.43895	0.44373	0.41921	0.41639	0.35561	0.020334	0.47548	0.46868
672	0.035227	0.32795	0.11094	0.12874	0.067826	0.012622	0.34148	0.32283	0.12975	0.13251	0.06995	0.093016	0.10316	0.063242	0.076437	0.43845	0.44424	0.41873	0.41591	0.35602	0.019562	0.47548	0.46922
673	0.034204	0.32533	0.10857	0.12627	0.066077	0.012067	0.33875	0.32025	0.12755	0.13011	0.068299	0.091025	0.10098	0.061819	0.074886	0.43845	0.44475	0.41873	0.41735	0.35684	0.018972	0.47548	0.46976
674	0.03318	0.3227	0.10619	0.1238	0.064328	0.011511	0.33602	0.31767	0.12535	0.12771	0.066648	0.089034	0.098809	0.060396	0.073334	0.43845	0.44527	0.41873	0.41879	0.35766	0.018383	0.47548	0.4703
675	0.032543	0.32086	0.10451	0.12184	0.063164	0.01114	0.33486	0.31658	0.12406	0.12583	0.065443	0.087821	0.097265	0.059438	0.072253	0.43895	0.44578	0.41921	0.41928	0.35849	0.01801	0.47548	0.47084
676	0.031906	0.31901	0.10282	0.11987	0.062001	0.010768	0.3337	0.31548	0.12277	0.12395	0.064237	0.086608	0.095721	0.05848	0.071171	0.43946	0.44629	0.41969	0.41976	0.35931	0.017636	0.47548	0.47138
677	0.031615	0.31828	0.10188	0.11878	0.061365	0.010537	0.33332	0.3144	0.12235	0.12324	0.06387	0.086112	0.095182	0.058145	0.070683	0.43997	0.44732	0.41969	0.42073	0.36097	0.017475	0.47602	0.47247
678	0.031324	0.31754	0.10095	0.11768	0.060729	0.010307	0.33294	0.31331	0.12193	0.12253	0.063502	0.085616	0.094642	0.05781	0.070195	0.44047	0.44835	0.41969	0.4217	0.36264	0.017314	0.47657	0.47356
679	0.031875	0.31938	0.102	0.1185	0.061508	0.010575	0.33448	0.31586	0.12292	0.12381	0.064542	0.086816	0.095618	0.05862	0.071345	0.44098	0.44887	0.42115	0.42414	0.36474	0.017681	0.47767	0.4741
680	0.032425	0.32122	0.10306	0.11932	0.062287	0.010842	0.33602	0.3184	0.12391	0.12509	0.065582	0.088015	0.096593	0.05943	0.072495	0.44149	0.44939	0.4226	0.42658	0.36684	0.018047	0.47877	0.47465
681	0.034784	0.32687	0.10726	0.1233	0.065528	0.01206	0.34112	0.32362	0.12788	0.1305	0.069246	0.092372	0.10058	0.062598	0.076083	0.44353	0.45042	0.42456	0.42806	0.37068	0.019242	0.48043	0.47575
682	0.037143	0.33251	0.11145	0.12727	0.06877	0.013278	0.34623	0.32883	0.13186	0.13591	0.07291	0.096729	0.10457	0.065767	0.079672	0.44557	0.45146	0.42651	0.42954	0.37452	0.020437	0.48209	0.47684
683	0.041472	0.34115	0.11869	0.13438	0.074505	0.015677	0.3548	0.33778	0.13956	0.14544	0.079882	0.1048	0.11233	0.071875	0.086531	0.44763	0.4525	0.42898	0.43202	0.37888	0.023023	0.4832	0.47739
684	0.045801	0.34979	0.12592	0.14149	0.080241	0.018077	0.36338	0.34672	0.14727	0.15497	0.086853	0.11286	0.12008	0.077984	0.093391	0.4497	0.45354	0.43145	0.43451	0.38324	0.02561	0.48431	0.47794
685	0.05351	0.36186	0.13744	0.15291	0.089593	0.022719	0.37504	0.35912	0.15896	0.16894	0.097597	0.12522	0.13121	0.087518	0.10388	0.4523	0.45512	0.43445	0.43753	0.38816	0.030319	0.48656	0.47904
686	0.061218	0.37394	0.14897	0.16433	0.098946	0.027361	0.38669	0.37152	0.17065	0.18291	0.10834	0.13758	0.14234	0.097052	0.11437	0.4549	0.45669	0.43745	0.44055	0.39307	0.035027	0.4888	0.48015
687	0.071239	0.38593	0.16159	0.17694	0.11006	0.033729	0.39815	0.38298	0.18374	0.20065	0.12284	0.15362	0.15687	0.11004	0.12802	0.45701	0.45721	0.44101	0.44259	0.39765	0.042082	0.49049	0.4807
688	0.08126	0.39793	0.17422	0.18955	0.12117	0.040098	0.4096	0.39444	0.19684	0.21839	0.13734	0.16965	0.17141	0.12303	0.14168	0.45911	0.45774	0.44456	0.44463	0.40223	0.049137	0.49218	0.48125
689	0.095062	0.41118	0.18922	0.20409	0.13495	0.04923	0.42224	0.40757	0.21246	0.23898	0.15452	0.18823	0.18821	0.13842	0.15799	0.4607	0.4588	0.44713	0.44617	0.40644	0.058561	0.49389	0.48236
690	0.10886	0.42443	0.20422	0.21864	0.14873	0.058361	0.43487	0.4207	0.22809	0.25956	0.17171	0.2068	0.205	0.15382	0.1743	0.46229	0.45985	0.44971	0.44771	0.41065	0.067984	0.4956	0.48347
691	0.12407	0.43597	0.21934	0.23311	0.16295	0.069	0.4446	0.43163	0.24319	0.28156	0.19172	0.228	0.2237	0.17174	0.19266	0.4639	0.46038	0.45231	0.45031	0.41495	0.080164	0.49674	0.48403
692	0.13928	0.44751	0.23447	0.24758	0.17717	0.079639	0.45432	0.44256	0.25829	0.30355	0.21173	0.2492	0.24239	0.18967	0.21101	0.4655	0.46091	0.45492	0.4529	0.41925	0.092344	0.49788	0.48459
693	0.15771	0.4586	0.25061	0.26333	0.19339	0.093287	0.46503	0.45299	0.27539	0.32765	0.23403	0.27235	0.26319	0.21018	0.23177	0.46711	0.46198	0.45755	0.45447	0.42265	0.10648	0.49903	0.48515
694	0.17615	0.46968	0.26674	0.27907	0.2096	0.10694	0.47573	0.46342	0.29249	0.35175	0.25632	0.2955	0.28398	0.23068	0.25253	0.46873	0.46304	0.46018	0.45604	0.42606	0.12062	0.50018	0.48571
695	0.19396	0.47906	0.28164	0.29289	0.22458	0.12094	0.48352	0.47157	0.30697	0.37412	0.27874	0.31778	0.30351	0.25116	0.27325	0.46927	0.46357	0.46231	0.45868	0.42853	0.13606	0.50134	0.48683
696	0.21178	0.48843	0.29655	0.3067	0.23955	0.13493	0.49132	0.47971	0.32145	0.39649	0.30115	0.34006	0.32303	0.27165	0.29397	0.46981	0.46411	0.46444	0.46132	0.43099	0.1515	0.50249	0.48795
697	0.2303	0.49643	0.31048	0.31958	0.25386	0.1499	0.4982	0.48757	0.33574	0.41662	0.32188	0.36081	0.34071	0.29034	0.31305	0.47089	0.46518	0.46605	0.46238	0.43349	0.16661	0.50307	0.48795
698	0.24882	0.50443	0.32441	0.33245	0.26816	0.16486	0.50508	0.49542	0.35003	0.43675	0.3426	0.38155	0.35839	0.30903	0.33213	0.47197	0.46625	0.46766	0.46345	0.43599	0.18172	0.50365	0.48795
699	0.26368	0.51031	0.33521	0.34229	0.27941	0.17773	0.51037	0.50061	0.36083	0.45454	0.36043	0.399	0.37311	0.32551	0.34857	0.47252	0.46679	0.46928	0.46505	0.4375	0.19518	0.50481	0.48907
700	0.27853	0.51618	0.34601	0.35214	0.29067	0.1906	0.51566	0.5058	0.37163	0.47232	0.37826	0.41644	0.38783	0.34198	0.36501	0.47306	0.46732	0.4709	0.46666	0.43901	0.20865	0.50597	0.4902
701	0.29232	0.52038	0.355	0.36087	0.3007	0.20272	0.51925	0.50932	0.38083	0.48574	0.39366	0.43082	0.40046	0.35633	0.37851	0.47361	0.4684	0.47199	0.46774	0.44104	0.22084	0.50597	0.49077
702	0.30611	0.52457	0.36399	0.36959	0.31074	0.21484	0.52283	0.51283	0.39004	0.49916	0.40906	0.4452	0.41309	0.37068	0.39202	0.47415	0.46948	0.47308	0.46881	0.44307	0.23303	0.50597	0.49133
703	0.31668	0.52822	0.37126	0.37564	0.31881	0.22494	0.52525	0.5158	0.39736	0.51152	0.42218	0.45839	0.42359	0.38303	0.40363	0.4747	0.47002	0.47417	0.47044	0.4446	0.2431	0.50656	0.49133
704	0.32725	0.53187	0.37852	0.3817	0.32689	0.23503	0.52767	0.51877	0.40468	0.52389	0.4353	0.47158	0.43408	0.39537	0.41525	0.47525	0.47056	0.47526	0.47206	0.44614	0.25317	0.50714	0.49133
705	0.33774	0.53495	0.38517	0.38795	0.3342	0.24519	0.53073	0.52178	0.41082	0.53372	0.44661	0.48156	0.44356	0.40564	0.42503	0.47579	0.47111	0.47636	0.47425	0.44717	0.26253	0.50597	0.4919
706	0.34824	0.53803	0.39182	0.3942	0.3415	0.25534	0.53378	0.52478	0.41697	0.54355	0.45792	0.49154	0.45305	0.41592	0.43482	0.47634	0.47165	0.47745	0.47643	0.4482	0.2719	0.50481	0.49246
707	0.35729	0.54052	0.39778	0.39879	0.34791	0.26416	0.53563	0.52599	0.42232	0.55245	0.46871	0.50135	0.46135	0.42572	0.44454	0.47634	0.47219	0.47745	0.47698	0.44872	0.28062	0.50539	0.4936
708	0.36634	0.543	0.40373	0.40339	0.35432	0.27298	0.53748	0.5272	0.42767	0.56135	0.4795	0.51116	0.46964	0.43552	0.45426	0.47634	0.47274	0.47745	0.47753	0.44923	0.28934	0.50597	0.49474
709	0.37497	0.54489	0.40939	0.40808	0.36055	0.2824	0.53934	0.52903	0.43315	0.56988	0.48964	0.51953	0.47715	0.44473	0.46224	0.47689	0.47383	0.47856	0.47808	0.45079	0.29827	0.50597	0.49474
710	0.3836	0.54677	0.41504	0.41278	0.36677	0.29183	0.54121	0.53086	0.43864	0.57841	0.49979	0.52791	0.48465	0.45395	0.47022	0.47744	0.47492	0.47966	0.47863	0.45235	0.30719	0.50597	0.49474
711	0.39218	0.5493	0.41987	0.41662	0.37235	0.30047	0.54245	0.5327	0.44323	0.58651	0.50917	0.53593	0.49183	0.46246	0.47737	0.47744	0.47547	0.48021	0.47918	0.45287	0.3148	0.50656	0.49531
712	0.40076	0.55183	0.42471	0.42046	0.37792	0.30912	0.5437	0.53454	0.44782	0.59462	0.51855	0.54395	0.49901	0.47098	0.48451	0.47744	0.47601	0.48076	0.47973	0.45339	0.32241	0.50714	0.49588
713	0.40923	0.5531	0.42966	0.42486	0.38321	0.3179	0.54559	0.53639	0.45251	0.60084	0.52642	0.55157	0.50583	0.4787	0.4913	0.47799	0.47656	0.48132	0.48084	0.45444	0.33079	0.50772	0.49588
714	0.41771	0.55438	0.4346	0.42926	0.38851	0.32668	0.54747	0.53824	0.4572	0.60707	0.5343	0.55919	0.51264	0.48641	0.49809	0.47854	0.47711	0.48187	0.48195	0.45548	0.33916	0.50831	0.49588
715	0.42456	0.5563	0.43813	0.43175	0.39303	0.33438	0.5481	0.53886	0.46092	0.61271	0.54179	0.56504	0.51787	0.49208	0.5033	0.47854	0.47766	0.48187	0.48195	0.45601	0.34593	0.50831	0.49645
716	0.4314	0.55822	0.44166	0.43423	0.39755	0.34208	0.54873	0.53948	0.46463	0.61835	0.54927	0.5709	0.52309	0.49774	0.50852	0.47854	0.47821	0.48187	0.48195	0.45653	0.3527	0.50831	0.49702
717	0.43795	0.55886	0.44525	0.43725	0.40125	0.34891	0.55	0.54073	0.46732	0.62338	0.55502	0.57553	0.52722	0.50354	0.51324	0.47909	0.47876	0.48243	0.48195	0.45759	0.3589	0.50889	0.49759
718	0.44451	0.5595	0.44884	0.44027	0.40495	0.35573	0.55127	0.54197	0.47001	0.6284	0.56077	0.58017	0.53134	0.50934	0.51797	0.47964	0.47931	0.48298	0.48195	0.45864	0.3651	0.50948	0.49817
719	0.44968	0.5608	0.45144	0.44282	0.40871	0.36156	0.5519	0.54322	0.47273	0.63277	0.56664	0.58556	0.53554	0.51467	0.52218	0.47964	0.47987	0.48354	0.48306	0.45917	0.37064	0.50948	0.49874
720	0.45486	0.56209	0.45404	0.44537	0.41247	0.36739	0.55254	0.54447	0.47545	0.63714	0.57252	0.59096	0.53975	0.52	0.52639	0.47964	0.48042	0.4841	0.48417	0.4597	0.37619	0.50948	0.49931
721	0.46016	0.56338	0.4572	0.44743	0.41583	0.37297	0.55318	0.54447	0.47821	0.64009	0.5765	0.59438	0.54278	0.52423	0.52943	0.4802	0.48097	0.48465	0.48529	0.46023	0.38146	0.50948	0.49931
722	0.46546	0.56468	0.46035	0.44949	0.41918	0.37855	0.55381	0.54447	0.48096	0.64304	0.58048	0.5978	0.54581	0.52845	0.53248	0.48075	0.48153	0.48521	0.48641	0.46076	0.38673	0.50948	0.49931
723	0.47033	0.56468	0.46248	0.45105	0.4216	0.38341	0.55445	0.5451	0.48318	0.64751	0.5852	0.60126	0.54951	0.53213	0.53619	0.48075	0.48264	0.48521	0.48641	0.46129	0.39169	0.51066	0.49931
724	0.4752	0.56468	0.46461	0.45261	0.42403	0.38826	0.55509	0.54573	0.48541	0.65198	0.58991	0.60472	0.5532	0.5358	0.53989	0.48075	0.48375	0.48521	0.48641	0.46182	0.39665	0.51183	0.49931
725	0.48018	0.56533	0.46676	0.4547	0.42698	0.3937	0.55573	0.54636	0.48766	0.65424	0.59402	0.60752	0.55632	0.53953	0.54239	0.4813	0.48431	0.48577	0.48641	0.46288	0.40127	0.51183	0.50047
726	0.48515	0.56598	0.46891	0.45679	0.42993	0.39914	0.55637	0.54699	0.4899	0.6565	0.59812	0.61032	0.55943	0.54326	0.54489	0.48186	0.48486	0.48633	0.48641	0.46395	0.40589	0.51183	0.50162
727	0.48909	0.56664	0.47108	0.45838	0.43192	0.40332	0.55701	0.54762	0.49217	0.65878	0.60158	0.61385	0.56258	0.5464	0.54741	0.48186	0.48542	0.48689	0.48529	0.46449	0.41014	0.51183	0.50162
728	0.49304	0.56729	0.47325	0.45996	0.43391	0.4075	0.55765	0.54825	0.49443	0.66105	0.60504	0.61739	0.56573	0.54955	0.54993	0.48186	0.48598	0.48745	0.48417	0.46502	0.41439	0.51183	0.50162
729	0.49704	0.56794	0.47489	0.46155	0.43591	0.41176	0.55829	0.54888	0.49615	0.66411	0.60784	0.62024	0.56763	0.55273	0.55247	0.48241	0.48654	0.48745	0.495	0.46556	0.41922	0.51242	0.5022
730	0.50105	0.5686	0.47653	0.46315	0.43792	0.41603	0.55894	0.54951	0.49786	0.66717	0.61064	0.6231	0.56952	0.55591	0.55502	0.48297	0.4871	0.48745	0.50582	0.46609	0.42404	0.51301	0.50277
731	0.50395	0.5686	0.47818	0.46422	0.43995	0.41892	0.55894	0.54951	0.49959	0.66871	0.61347	0.62526	0.57144	0.55784	0.5563	0.48241	0.48766	0.48801	0.49668	0.46609	0.4265	0.51301	0.50277
732	0.50685	0.5686	0.47983	0.46529	0.44197	0.42182	0.55894	0.54951	0.50131	0.67025	0.61629	0.62742	0.57336	0.55976	0.55758	0.48186	0.48822	0.48857	0.48753	0.46609	0.42895	0.51301	0.50277
733	0.50919	0.56991	0.48094	0.46582	0.44351	0.42475	0.55958	0.55015	0.50247	0.6718	0.61843	0.62887	0.57399	0.5617	0.55951	0.48241	0.48879	0.48914	0.48585	0.46663	0.43194	0.5136	0.50277
734	0.51154	0.57122	0.48205	0.46636	0.44504	0.42769	0.56023	0.55078	0.50363	0.67334	0.62056	0.63031	0.57462	0.56364	0.56144	0.48297	0.48935	0.4897	0.48417	0.46717	0.43492	0.51419	0.50277
735	0.51331	0.57188	0.48316	0.46744	0.44607	0.43016	0.56023	0.55141	0.50479	0.6749	0.622	0.63177	0.57656	0.56625	0.56339	0.48297	0.48991	0.4897	0.49095	0.4677	0.43744	0.51419	0.50335
736	0.51509	0.57254	0.48427	0.46851	0.44709	0.43264	0.56023	0.55205	0.50595	0.67645	0.62343	0.63322	0.5785	0.56886	0.56533	0.48297	0.49048	0.4897	0.49774	0.46824	0.43996	0.51419	0.50393
737	0.51747	0.57188	0.48539	0.46905	0.44812	0.43464	0.56087	0.55268	0.5077	0.68195	0.62996	0.63763	0.58375	0.57215	0.56927	0.48297	0.49048	0.4897	0.49831	0.46824	0.44148	0.51479	0.50393
738	0.51985	0.57122	0.48651	0.46959	0.44916	0.43664	0.56152	0.55332	0.50946	0.68744	0.63648	0.64203	0.589	0.57545	0.5732	0.48297	0.49048	0.4897	0.49888	0.46824	0.44301	0.51538	0.50393
739	0.52165	0.57188	0.48595	0.47068	0.45071	0.43866	0.56281	0.55396	0.51122	0.69222	0.64465	0.645	0.59504	0.57811	0.57585	0.48408	0.49161	0.49027	0.49946	0.46878	0.44505	0.51597	0.50451
740	0.52345	0.57254	0.48539	0.47176	0.45227	0.44068	0.56411	0.5546	0.51299	0.69701	0.65281	0.64797	0.60108	0.58077	0.5785	0.4852	0.49274	0.49083	0.50003	0.46932	0.4471	0.51657	0.5051
741	0.52527	0.57386	0.48595	0.4723	0.45331	0.4417	0.56346	0.5546	0.51358	0.70185	0.66041	0.65097	0.60656	0.58278	0.58118	0.48576	0.49274	0.4914	0.50061	0.46986	0.44917	0.51657	0.5051
742	0.52708	0.57518	0.48651	0.47285	0.45436	0.44272	0.56281	0.5546	0.51417	0.7067	0.66802	0.65397	0.61203	0.5848	0.58386	0.48632	0.49274	0.49196	0.50119	0.4704	0.45124	0.51657	0.5051
743	0.5283	0.57452	0.48707	0.47285	0.45541	0.44425	0.56346	0.5546	0.51536	0.70915	0.67188	0.65472	0.61481	0.5848	0.58453	0.48688	0.49388	0.49253	0.50234	0.47149	0.45333	0.51716	0.50568
744	0.52952	0.57386	0.48763	0.47285	0.45645	0.44578	0.56411	0.5546	0.51654	0.7116	0.67575	0.65548	0.61759	0.5848	0.5852	0.48744	0.49502	0.4931	0.5035	0.47258	0.45542	0.51776	0.50626
745	0.53013	0.57386	0.48876	0.47339	0.45698	0.44681	0.56411	0.55524	0.51714	0.70997	0.67497	0.65397	0.6162	0.58412	0.58453	0.48744	0.49502	0.4931	0.49891	0.47258	0.45594	0.51776	0.50684
746	0.53074	0.57386	0.48988	0.47394	0.45751	0.44784	0.56411	0.55587	0.51774	0.70833	0.6742	0.65246	0.61481	0.58345	0.58386	0.48744	0.49502	0.4931	0.49431	0.47258	0.45647	0.51776	0.50743
747	0.53196	0.57386	0.49101	0.47503	0.45856	0.44939	0.56411	0.55652	0.51833	0.70589	0.67111	0.65246	0.61204	0.58345	0.58251	0.48744	0.49559	0.4931	0.49488	0.47258	0.45752	0.51836	0.50743
748	0.53319	0.57386	0.49214	0.47612	0.45962	0.45095	0.56411	0.55716	0.51893	0.70346	0.66802	0.65246	0.60926	0.58345	0.58117	0.48744	0.49616	0.4931	0.49545	0.47258	0.45857	0.51895	0.50743
749	0.53319	0.57386	0.49271	0.47612	0.45962	0.45199	0.56476	0.5578	0.51953	0.70103	0.66419	0.65096	0.60652	0.58278	0.58117	0.488	0.49673	0.49366	0.49261	0.47312	0.45963	0.51955	0.50801
750	0.53319	0.57386	0.49328	0.47612	0.45962	0.45303	0.56541	0.55844	0.52013	0.69861	0.66037	0.64947	0.60379	0.58211	0.58117	0.48856	0.4973	0.49423	0.48978	0.47367	0.46069	0.52015	0.5086
751	0.5338	0.57386	0.49385	0.47612	0.46015	0.45355	0.56606	0.55844	0.52072	0.69781	0.6581	0.64947	0.60173	0.58211	0.5805	0.488	0.49787	0.49423	0.49955	0.47421	0.46069	0.52075	0.5086
752	0.53442	0.57386	0.49441	0.47612	0.46068	0.45407	0.56671	0.55844	0.52132	0.69701	0.65582	0.64947	0.59968	0.58211	0.57984	0.48744	0.49845	0.49423	0.50933	0.47476	0.46069	0.52135	0.5086
753	0.53503	0.57452	0.49498	0.47722	0.46174	0.45512	0.56671	0.55908	0.52193	0.6954	0.65357	0.64872	0.59765	0.58278	0.57917	0.48856	0.49902	0.4948	0.50526	0.47476	0.46175	0.52135	0.50918
754	0.53565	0.57518	0.49555	0.47832	0.4628	0.45617	0.56671	0.55973	0.52253	0.6938	0.65131	0.64797	0.59562	0.58345	0.5785	0.48969	0.4996	0.49537	0.50119	0.47476	0.46282	0.52135	0.50977
755	0.53626	0.57452	0.49613	0.47832	0.4628	0.45669	0.56671	0.55973	0.52313	0.69301	0.64907	0.64723	0.59428	0.58345	0.5785	0.48912	0.50017	0.49537	0.50409	0.4753	0.46335	0.52135	0.50977
756	0.53688	0.57386	0.4967	0.47832	0.4628	0.45722	0.56671	0.55973	0.52373	0.69221	0.64683	0.64648	0.59294	0.58345	0.5785	0.48856	0.50075	0.49537	0.50699	0.47585	0.46388	0.52135	0.50977
757	0.53688	0.57452	0.49727	0.47832	0.46334	0.45827	0.56737	0.55973	0.52433	0.69141	0.64608	0.64723	0.59293	0.58412	0.57917	0.48912	0.50132	0.49537	0.50699	0.47585	0.46442	0.52195	0.51036
758	0.53688	0.57518	0.49784	0.47832	0.46387	0.45933	0.56802	0.55973	0.52494	0.69062	0.64534	0.64797	0.59293	0.5848	0.57984	0.48969	0.5019	0.49537	0.50699	0.47585	0.46495	0.52255	0.51094
759	0.5375	0.57584	0.49842	0.47887	0.46494	0.45986	0.56802	0.55973	0.52554	0.69062	0.6446	0.64797	0.59159	0.58412	0.57984	0.48969	0.5019	0.49594	0.50758	0.4764	0.46495	0.52255	0.51094
760	0.53812	0.57651	0.49899	0.47942	0.46601	0.46039	0.56802	0.55973	0.52615	0.69062	0.64385	0.64797	0.59024	0.58345	0.57984	0.48969	0.5019	0.49651	0.50816	0.47695	0.46495	0.52255	0.51094
761	0.53874	0.57651	0.49956	0.47942	0.46601	0.46039	0.56867	0.56102	0.52675	0.69062	0.64311	0.64797	0.58957	0.58412	0.57984	0.49025	0.50248	0.49709	0.50875	0.4775	0.46549	0.52315	0.51153
762	0.53936	0.57651	0.50014	0.47942	0.46601	0.46039	0.56933	0.56231	0.52736	0.69062	0.64237	0.64797	0.58891	0.5848	0.57984	0.49082	0.50306	0.49766	0.50933	0.47805	0.46602	0.52375	0.51212
763	0.53936	0.57584	0.50014	0.47942	0.46655	0.46145	0.56933	0.56166	0.52736	0.69062	0.64163	0.64797	0.58957	0.5848	0.57984	0.49082	0.50364	0.49766	0.50875	0.47805	0.46602	0.52375	0.51212
764	0.53936	0.57518	0.50014	0.47942	0.46709	0.46251	0.56933	0.56102	0.52736	0.69062	0.6409	0.64797	0.59023	0.5848	0.57984	0.49082	0.50422	0.49766	0.50816	0.47805	0.46602	0.52375	0.51212
765	0.53936	0.57651	0.50014	0.47998	0.46762	0.46251	0.56933	0.56166	0.52797	0.68982	0.6409	0.64872	0.58956	0.5848	0.57984	0.49082	0.5048	0.49766	0.50875	0.47805	0.46656	0.52375	0.51212
766	0.53936	0.57783	0.50014	0.48053	0.46816	0.46251	0.56933	0.56231	0.52858	0.68903	0.6409	0.64947	0.58889	0.5848	0.57984	0.49082	0.50538	0.49766	0.50933	0.47805	0.4671	0.52375	0.51212
767	0.53936	0.57717	0.50072	0.48053	0.46816	0.46305	0.56998	0.56296	0.52919	0.68903	0.6409	0.64947	0.58956	0.58412	0.5805	0.49138	0.50538	0.49766	0.50933	0.47805	0.4671	0.52436	0.51271
768	0.53936	0.57651	0.50129	0.48053	0.46816	0.46358	0.57064	0.56361	0.5298	0.68903	0.6409	0.64947	0.59023	0.58345	0.58117	0.49195	0.50538	0.49766	0.50933	0.47805	0.4671	0.52496	0.5133
769	0.54061	0.57651	0.50245	0.48108	0.4687	0.46358	0.57064	0.56361	0.53102	0.68903	0.64016	0.64947	0.58956	0.58345	0.58117	0.49195	0.50538	0.49823	0.5111	0.4786	0.46764	0.52496	0.5133
770	0.54185	0.57651	0.50361	0.48164	0.46924	0.46358	0.57064	0.56361	0.53224	0.68903	0.63942	0.64947	0.58889	0.58345	0.58117	0.49195	0.50538	0.49881	0.51286	0.47915	0.46818	0.52496	0.5133
771	0.54185	0.57651	0.50245	0.48164	0.46924	0.46358	0.57064	0.56361	0.53163	0.68903	0.64016	0.64947	0.58889	0.58278	0.58117	0.49195	0.50596	0.49881	0.50702	0.47915	0.46818	0.52496	0.5133
772	0.54185	0.57651	0.50129	0.48164	0.46924	0.46358	0.57064	0.56361	0.53102	0.68903	0.6409	0.64947	0.58889	0.58211	0.58117	0.49195	0.50655	0.49881	0.50119	0.47915	0.46818	0.52496	0.5133
773	0.54185	0.57651	0.50245	0.48164	0.46978	0.46465	0.5713	0.56426	0.53163	0.68903	0.6409	0.64947	0.58888	0.58211	0.58184	0.49195	0.50713	0.49881	0.49212	0.4797	0.46818	0.52557	0.5133
774	0.54185	0.57651	0.50361	0.48164	0.47032	0.46572	0.57196	0.56491	0.53224	0.68903	0.6409	0.64947	0.58886	0.58211	0.58251	0.49195	0.50771	0.49881	0.48306	0.48025	0.46818	0.52617	0.5133
775	0.54185	0.57717	0.50361	0.48219	0.47087	0.46626	0.57196	0.56491	0.53347	0.68982	0.6409	0.65021	0.58954	0.58278	0.58251	0.49251	0.5083	0.49881	0.48698	0.48025	0.46872	0.52617	0.5133
776	0.54185	0.57783	0.50361	0.48275	0.47141	0.46679	0.57196	0.56491	0.5347	0.69062	0.6409	0.65096	0.59022	0.58345	0.58251	0.49308	0.50888	0.49881	0.49091	0.48025	0.46925	0.52617	0.5133
777	0.54185	0.57717	0.50303	0.48275	0.47195	0.46626	0.57196	0.56556	0.5347	0.69062	0.6409	0.65096	0.59021	0.58412	0.58318	0.49308	0.50888	0.49938	0.49659	0.48025	0.46925	0.52678	0.51449
778	0.54185	0.57651	0.50245	0.48275	0.47249	0.46572	0.57196	0.56621	0.5347	0.69062	0.6409	0.65096	0.5902	0.5848	0.58386	0.49308	0.50888	0.49996	0.50226	0.48025	0.46925	0.52739	0.51567
779	0.54247	0.57784	0.50361	0.48275	0.47304	0.46626	0.57196	0.56621	0.53531	0.69062	0.6409	0.65171	0.5902	0.58547	0.58386	0.49365	0.50947	0.50053	0.50226	0.48081	0.4698	0.52799	0.51567
780	0.5431	0.57917	0.50477	0.48275	0.47358	0.46679	0.57196	0.56621	0.53593	0.69062	0.6409	0.65246	0.5902	0.58614	0.58386	0.49422	0.51006	0.50111	0.50226	0.48136	0.47034	0.5286	0.51567
781	0.5431	0.5785	0.50477	0.4833	0.47304	0.46733	0.57262	0.56621	0.53655	0.68982	0.6409	0.65171	0.5902	0.58682	0.58386	0.49422	0.51065	0.50111	0.50226	0.48192	0.47034	0.5286	0.51508
782	0.5431	0.57783	0.50477	0.48386	0.47249	0.46787	0.57327	0.56621	0.53717	0.68903	0.6409	0.65096	0.5902	0.5875	0.58386	0.49422	0.51123	0.50111	0.50226	0.48247	0.47034	0.5286	0.51449
783	0.5431	0.57783	0.50535	0.48386	0.47304	0.46787	0.57262	0.56621	0.53717	0.68274	0.6409	0.65171	0.5902	0.58682	0.58386	0.49422	0.51123	0.50111	0.50169	0.48192	0.4698	0.5286	0.51567
784	0.5431	0.57783	0.50593	0.48386	0.47358	0.46787	0.57196	0.56621	0.53717	0.67645	0.6409	0.65246	0.5902	0.58614	0.58386	0.49422	0.51123	0.50111	0.50112	0.48136	0.46925	0.5286	0.51686
785	0.5431	0.57783	0.50535	0.4833	0.47413	0.46787	0.57328	0.56686	0.53778	0.68274	0.6409	0.65246	0.59019	0.58682	0.58453	0.49479	0.51182	0.50111	0.50112	0.48192	0.4698	0.52921	0.51627
786	0.5431	0.57783	0.50477	0.48275	0.47468	0.46787	0.5746	0.56751	0.5384	0.68903	0.6409	0.65246	0.59019	0.5875	0.5852	0.49536	0.51241	0.50111	0.50112	0.48247	0.47034	0.52982	0.51567
787	0.5431	0.57783	0.50535	0.48275	0.47468	0.46787	0.5746	0.56751	0.5384	0.68982	0.6409	0.65246	0.59019	0.58615	0.5852	0.49593	0.51241	0.50169	0.50112	0.48247	0.47034	0.52982	0.51627
788	0.5431	0.57783	0.50593	0.48275	0.47468	0.46787	0.5746	0.56751	0.5384	0.69062	0.6409	0.65246	0.5902	0.5848	0.5852	0.4965	0.51241	0.50226	0.50112	0.48247	0.47034	0.52982	0.51686
789	0.5431	0.5785	0.50651	0.48386	0.47522	0.46841	0.57394	0.56751	0.53902	0.69141	0.6409	0.65322	0.59086	0.58412	0.5852	0.49593	0.513	0.50111	0.50054	0.48303	0.47034	0.52982	0.51686
790	0.5431	0.57917	0.5071	0.48498	0.47577	0.46895	0.57327	0.56751	0.53964	0.69221	0.6409	0.65397	0.59153	0.58345	0.5852	0.49536	0.51359	0.49996	0.49997	0.48358	0.47034	0.52982	0.51686
791	0.54373	0.57917	0.5071	0.48442	0.47632	0.46949	0.57327	0.56817	0.53964	0.69221	0.64163	0.65397	0.5922	0.58345	0.5852	0.49593	0.51359	0.50111	0.49997	0.48358	0.47088	0.53043	0.51746
792	0.54435	0.57917	0.5071	0.48386	0.47687	0.47003	0.57327	0.56882	0.53964	0.69221	0.64237	0.65397	0.59287	0.58345	0.5852	0.4965	0.51359	0.50226	0.49997	0.48358	0.47142	0.53104	0.51805
793	0.54373	0.57917	0.5071	0.48442	0.47687	0.47057	0.57394	0.56948	0.54027	0.69301	0.64163	0.65397	0.59286	0.58547	0.58588	0.4965	0.51359	0.50226	0.49997	0.48358	0.47142	0.53104	0.51746
794	0.5431	0.57917	0.5071	0.48498	0.47687	0.47111	0.5746	0.57013	0.54089	0.6938	0.6409	0.65397	0.59286	0.5875	0.58655	0.4965	0.51359	0.50226	0.49997	0.48358	0.47142	0.53104	0.51686
795	0.54373	0.57917	0.5071	0.48498	0.47687	0.47111	0.57526	0.57013	0.54151	0.6938	0.64163	0.65397	0.59152	0.58885	0.58655	0.4965	0.51359	0.50226	0.49997	0.48358	0.47088	0.53165	0.51746
796	0.54435	0.57917	0.5071	0.48498	0.47687	0.47111	0.57592	0.57013	0.54214	0.6938	0.64237	0.65397	0.59017	0.59021	0.58655	0.4965	0.51359	0.50226	0.49997	0.48358	0.47034	0.53226	0.51805
